Kinetic read	A1	A2	A3	A4	A5	A6	A7	A8	A9	A10	A11	A12	B1	B2	B3	B4	B5	B6	B7	B8	B9	B10	B11	B12	C1	C2	C3	C4	C5	C6	C7	C8	C9	C10	C11	C12	D1	D2	D3	D4	D5	D6	D7	D8	D9	D10	D11	D12	E1	E2	E3	E4	E5	E6	E7	E8	E9	E10	E11	E12	F1	F2	F3	F4	F5	F6	F7	F8	F9	F10	F11	F12	G1	G2	G3	G4	G5	G6	G7	G8	G9	G10	G11	G12	H1	H2	H3	H4	H5	H6	H7	H8	H9	H10	H11	H12
0:00:07	0.148	0.087	0.085	0.085	0.084	0.083	0.084	0.087	0.087	0.090	0.085	0.091	0.084	0.083	0.084	0.083	0.085	0.083	0.085	0.087	0.087	0.090	0.086	0.083	0.083	0.084	0.083	0.083	0.084	0.084	0.084	0.087	0.085	0.084	0.086	0.087	0.083	0.083	0.084	0.084	0.083	0.084	0.085	0.085	0.084	0.087	0.085	0.085	0.084	0.083	0.084	0.087	0.084	0.086	0.085	0.085	0.085	0.085	0.085	0.087	0.085	0.086	0.083	0.084	0.084	0.086	0.084	0.085	0.084	0.085	0.085	0.084	0.083	0.084	0.084	0.084	0.085	0.084	0.085	0.101	0.085	0.086	0.086	0.085	0.085	0.084	0.085	0.085	0.085	0.085	0.084	0.088	0.086	0.088	0.086	0.085
0:10:07	0.153	0.084	0.084	0.082	0.083	0.082	0.083	0.085	0.086	0.088	0.084	0.089	0.082	0.083	0.083	0.083	0.084	0.083	0.083	0.086	0.086	0.088	0.086	0.082	0.082	0.083	0.082	0.082	0.083	0.083	0.083	0.086	0.084	0.083	0.084	0.084	0.082	0.082	0.083	0.083	0.082	0.083	0.084	0.084	0.083	0.087	0.084	0.083	0.083	0.083	0.083	0.085	0.083	0.085	0.084	0.085	0.084	0.085	0.083	0.086	0.082	0.085	0.083	0.083	0.083	0.084	0.084	0.085	0.083	0.084	0.084	0.083	0.082	0.083	0.083	0.083	0.084	0.083	0.083	0.100	0.085	0.085	0.085	0.084	0.084	0.084	0.084	0.084	0.084	0.084	0.083	0.087	0.086	0.086	0.086	0.084
0:20:07	0.155	0.086	0.083	0.081	0.081	0.081	0.082	0.084	0.085	0.086	0.083	0.082	0.081	0.082	0.082	0.082	0.083	0.081	0.082	0.084	0.086	0.086	0.084	0.081	0.081	0.082	0.081	0.081	0.083	0.082	0.082	0.085	0.083	0.082	0.084	0.082	0.081	0.081	0.082	0.082	0.081	0.082	0.083	0.083	0.082	0.086	0.083	0.082	0.082	0.082	0.082	0.084	0.082	0.084	0.083	0.084	0.082	0.083	0.082	0.084	0.082	0.084	0.082	0.082	0.082	0.082	0.083	0.083	0.082	0.083	0.083	0.082	0.082	0.082	0.083	0.082	0.083	0.082	0.082	0.098	0.084	0.084	0.084	0.083	0.083	0.083	0.083	0.084	0.083	0.083	0.082	0.086	0.085	0.085	0.085	0.083
0:30:07	0.164	0.085	0.082	0.081	0.081	0.081	0.082	0.084	0.085	0.086	0.082	0.082	0.081	0.081	0.082	0.081	0.082	0.081	0.082	0.084	0.085	0.086	0.084	0.080	0.081	0.081	0.081	0.081	0.082	0.082	0.081	0.084	0.083	0.081	0.083	0.082	0.081	0.081	0.082	0.082	0.081	0.082	0.082	0.083	0.082	0.085	0.083	0.082	0.081	0.081	0.082	0.084	0.082	0.083	0.082	0.083	0.081	0.083	0.082	0.084	0.082	0.083	0.082	0.082	0.082	0.082	0.082	0.083	0.082	0.082	0.082	0.082	0.081	0.082	0.082	0.082	0.083	0.081	0.082	0.098	0.084	0.084	0.084	0.083	0.083	0.088	0.083	0.083	0.082	0.083	0.082	0.087	0.085	0.085	0.084	0.083
0:40:07	0.166	0.085	0.083	0.081	0.081	0.081	0.081	0.083	0.084	0.086	0.082	0.083	0.080	0.081	0.081	0.081	0.082	0.080	0.082	0.084	0.085	0.086	0.084	0.080	0.081	0.081	0.081	0.080	0.082	0.082	0.081	0.084	0.083	0.081	0.082	0.082	0.081	0.081	0.081	0.081	0.081	0.082	0.082	0.082	0.082	0.085	0.083	0.082	0.080	0.081	0.082	0.084	0.081	0.083	0.082	0.083	0.081	0.083	0.081	0.083	0.082	0.083	0.081	0.082	0.082	0.082	0.082	0.083	0.081	0.082	0.082	0.082	0.081	0.082	0.082	0.082	0.083	0.081	0.082	0.098	0.084	0.084	0.084	0.083	0.086	0.085	0.086	0.085	0.085	0.088	0.085	0.088	0.087	0.086	0.084	0.083
0:50:07	0.168	0.084	0.083	0.081	0.081	0.082	0.082	0.084	0.085	0.087	0.086	0.089	0.080	0.080	0.081	0.081	0.082	0.081	0.083	0.084	0.085	0.087	0.085	0.082	0.081	0.081	0.081	0.081	0.083	0.082	0.082	0.085	0.084	0.081	0.083	0.084	0.081	0.081	0.082	0.083	0.082	0.083	0.082	0.083	0.083	0.086	0.083	0.083	0.080	0.083	0.083	0.085	0.083	0.085	0.082	0.085	0.082	0.083	0.082	0.083	0.083	0.085	0.084	0.084	0.085	0.085	0.083	0.085	0.082	0.084	0.082	0.083	0.083	0.085	0.085	0.084	0.086	0.085	0.086	0.101	0.087	0.085	0.084	0.085	0.089	0.091	0.088	0.087	0.088	0.089	0.088	0.091	0.090	0.089	0.086	0.085
1:00:07	0.168	0.085	0.084	0.082	0.085	0.085	0.083	0.088	0.087	0.095	0.097	0.101	0.080	0.081	0.082	0.082	0.084	0.082	0.085	0.086	0.088	0.092	0.093	0.089	0.082	0.082	0.083	0.083	0.085	0.084	0.085	0.088	0.087	0.084	0.088	0.091	0.082	0.083	0.084	0.085	0.084	0.086	0.085	0.086	0.086	0.090	0.088	0.090	0.081	0.085	0.086	0.088	0.086	0.087	0.085	0.088	0.085	0.086	0.087	0.084	0.085	0.087	0.086	0.087	0.088	0.088	0.086	0.089	0.085	0.087	0.083	0.089	0.084	0.086	0.087	0.087	0.090	0.089	0.089	0.105	0.091	0.089	0.086	0.093	0.091	0.087	0.093	0.090	0.095	0.094	0.092	0.095	0.097	0.095	0.088	0.090
1:10:07	0.169	0.084	0.085	0.083	0.094	0.093	0.087	0.097	0.093	0.105	0.109	0.112	0.080	0.080	0.083	0.084	0.090	0.084	0.093	0.093	0.096	0.103	0.105	0.099	0.082	0.083	0.085	0.086	0.091	0.091	0.091	0.095	0.095	0.090	0.099	0.102	0.083	0.084	0.086	0.089	0.088	0.092	0.087	0.092	0.093	0.099	0.097	0.101	0.082	0.086	0.088	0.091	0.090	0.091	0.086	0.093	0.090	0.093	0.096	0.086	0.086	0.088	0.089	0.091	0.093	0.093	0.088	0.095	0.089	0.095	0.087	0.099	0.085	0.088	0.089	0.089	0.095	0.095	0.096	0.111	0.099	0.094	0.091	0.103	0.094	0.088	0.100	0.095	0.104	0.101	0.098	0.101	0.107	0.104	0.091	0.098
1:20:07	0.169	0.085	0.087	0.086	0.102	0.102	0.093	0.107	0.100	0.115	0.119	0.122	0.080	0.081	0.084	0.086	0.098	0.088	0.102	0.102	0.105	0.113	0.115	0.109	0.083	0.084	0.087	0.091	0.101	0.100	0.101	0.105	0.105	0.100	0.110	0.112	0.083	0.085	0.089	0.095	0.095	0.101	0.091	0.102	0.103	0.111	0.108	0.111	0.082	0.086	0.091	0.097	0.098	0.099	0.089	0.103	0.098	0.103	0.107	0.089	0.086	0.089	0.092	0.097	0.101	0.102	0.092	0.104	0.094	0.106	0.091	0.109	0.085	0.090	0.091	0.093	0.103	0.104	0.107	0.120	0.108	0.103	0.096	0.113	0.097	0.090	0.108	0.100	0.113	0.109	0.107	0.109	0.118	0.114	0.095	0.106
1:30:07	0.167	0.084	0.090	0.090	0.110	0.110	0.099	0.115	0.108	0.123	0.128	0.130	0.080	0.081	0.085	0.089	0.106	0.093	0.110	0.110	0.114	0.123	0.125	0.117	0.083	0.084	0.089	0.098	0.110	0.109	0.110	0.115	0.115	0.109	0.120	0.120	0.083	0.085	0.091	0.103	0.103	0.110	0.095	0.112	0.113	0.121	0.117	0.120	0.082	0.087	0.094	0.105	0.106	0.108	0.091	0.113	0.107	0.113	0.117	0.092	0.086	0.090	0.096	0.105	0.110	0.111	0.096	0.114	0.100	0.115	0.097	0.118	0.086	0.091	0.093	0.097	0.111	0.113	0.116	0.128	0.117	0.112	0.102	0.121	0.099	0.091	0.115	0.106	0.121	0.116	0.114	0.116	0.127	0.122	0.098	0.114
1:40:07	0.167	0.082	0.092	0.093	0.117	0.117	0.106	0.123	0.115	0.131	0.136	0.138	0.080	0.081	0.086	0.092	0.114	0.099	0.118	0.118	0.122	0.132	0.133	0.125	0.083	0.084	0.092	0.104	0.117	0.117	0.118	0.123	0.123	0.118	0.129	0.129	0.083	0.086	0.094	0.111	0.111	0.119	0.101	0.122	0.122	0.130	0.127	0.129	0.083	0.088	0.098	0.112	0.114	0.116	0.094	0.122	0.116	0.123	0.126	0.096	0.086	0.090	0.101	0.112	0.118	0.120	0.103	0.123	0.107	0.124	0.104	0.126	0.086	0.092	0.096	0.102	0.119	0.122	0.125	0.136	0.125	0.120	0.109	0.129	0.103	0.091	0.122	0.112	0.130	0.123	0.122	0.123	0.136	0.131	0.102	0.122
1:50:07	0.167	0.082	0.094	0.097	0.124	0.124	0.112	0.130	0.122	0.138	0.144	0.145	0.080	0.081	0.087	0.096	0.121	0.105	0.126	0.125	0.130	0.139	0.141	0.133	0.083	0.084	0.095	0.110	0.125	0.124	0.126	0.131	0.131	0.126	0.137	0.136	0.083	0.086	0.097	0.118	0.117	0.127	0.106	0.130	0.130	0.138	0.135	0.136	0.083	0.088	0.102	0.118	0.121	0.124	0.098	0.130	0.124	0.131	0.135	0.100	0.086	0.091	0.106	0.119	0.125	0.128	0.110	0.131	0.114	0.132	0.110	0.134	0.086	0.093	0.099	0.108	0.127	0.130	0.133	0.144	0.133	0.128	0.115	0.136	0.104	0.092	0.129	0.120	0.137	0.130	0.128	0.130	0.144	0.138	0.106	0.128
2:00:07	0.166	0.082	0.096	0.101	0.130	0.130	0.117	0.137	0.128	0.145	0.151	0.152	0.080	0.081	0.087	0.099	0.127	0.111	0.132	0.131	0.137	0.146	0.148	0.139	0.083	0.084	0.098	0.116	0.132	0.131	0.133	0.138	0.138	0.134	0.144	0.142	0.083	0.086	0.101	0.124	0.124	0.134	0.113	0.137	0.137	0.146	0.142	0.143	0.083	0.089	0.105	0.125	0.128	0.131	0.102	0.137	0.131	0.139	0.142	0.104	0.086	0.091	0.111	0.126	0.133	0.135	0.117	0.138	0.120	0.139	0.117	0.141	0.086	0.094	0.102	0.114	0.134	0.137	0.141	0.150	0.140	0.135	0.121	0.142	0.106	0.093	0.134	0.123	0.144	0.136	0.135	0.136	0.151	0.146	0.109	0.134
2:10:07	0.165	0.082	0.098	0.104	0.135	0.135	0.122	0.142	0.134	0.151	0.157	0.158	0.080	0.081	0.088	0.102	0.133	0.116	0.138	0.137	0.143	0.153	0.154	0.145	0.083	0.084	0.101	0.121	0.138	0.137	0.139	0.144	0.145	0.141	0.150	0.148	0.084	0.086	0.103	0.130	0.130	0.141	0.118	0.144	0.144	0.153	0.150	0.149	0.083	0.089	0.109	0.130	0.134	0.138	0.106	0.144	0.137	0.146	0.149	0.107	0.086	0.091	0.115	0.132	0.139	0.142	0.123	0.145	0.127	0.146	0.123	0.147	0.086	0.095	0.105	0.119	0.141	0.143	0.148	0.157	0.147	0.142	0.127	0.148	0.108	0.094	0.140	0.128	0.150	0.143	0.141	0.142	0.157	0.152	0.113	0.140
2:20:07	0.164	0.082	0.099	0.107	0.140	0.141	0.127	0.148	0.139	0.157	0.163	0.164	0.080	0.081	0.088	0.106	0.138	0.121	0.143	0.143	0.149	0.159	0.160	0.151	0.083	0.084	0.103	0.126	0.144	0.143	0.145	0.150	0.151	0.147	0.157	0.154	0.083	0.086	0.106	0.135	0.135	0.147	0.124	0.151	0.150	0.160	0.156	0.155	0.083	0.089	0.112	0.136	0.139	0.144	0.110	0.151	0.144	0.152	0.156	0.111	0.086	0.091	0.119	0.137	0.145	0.149	0.130	0.151	0.133	0.152	0.129	0.154	0.086	0.095	0.109	0.125	0.146	0.150	0.154	0.163	0.153	0.148	0.132	0.153	0.111	0.094	0.145	0.133	0.156	0.148	0.146	0.148	0.163	0.158	0.116	0.145
2:30:07	0.163	0.081	0.101	0.111	0.145	0.146	0.133	0.154	0.145	0.162	0.169	0.169	0.080	0.081	0.089	0.110	0.144	0.126	0.149	0.148	0.155	0.165	0.166	0.157	0.083	0.084	0.105	0.131	0.149	0.149	0.151	0.156	0.157	0.154	0.163	0.160	0.084	0.086	0.109	0.141	0.140	0.154	0.129	0.158	0.156	0.166	0.163	0.161	0.083	0.089	0.115	0.141	0.145	0.150	0.114	0.157	0.150	0.159	0.162	0.116	0.086	0.092	0.123	0.142	0.151	0.156	0.136	0.157	0.140	0.158	0.135	0.160	0.086	0.096	0.113	0.130	0.153	0.156	0.161	0.169	0.159	0.155	0.137	0.159	0.113	0.095	0.150	0.138	0.161	0.154	0.151	0.154	0.169	0.163	0.120	0.151
2:40:07	0.162	0.081	0.102	0.114	0.150	0.150	0.138	0.159	0.149	0.167	0.175	0.174	0.080	0.081	0.089	0.113	0.149	0.131	0.154	0.153	0.160	0.170	0.172	0.163	0.083	0.084	0.107	0.136	0.154	0.154	0.156	0.161	0.162	0.160	0.168	0.165	0.083	0.086	0.111	0.146	0.145	0.159	0.134	0.163	0.161	0.172	0.168	0.166	0.083	0.089	0.118	0.146	0.150	0.156	0.118	0.163	0.156	0.164	0.168	0.119	0.086	0.092	0.126	0.147	0.157	0.161	0.141	0.163	0.145	0.164	0.140	0.165	0.086	0.097	0.116	0.135	0.159	0.161	0.167	0.175	0.164	0.161	0.142	0.164	0.116	0.095	0.155	0.143	0.167	0.159	0.157	0.159	0.174	0.169	0.123	0.156
2:50:07	0.161	0.081	0.103	0.117	0.155	0.155	0.142	0.164	0.154	0.172	0.179	0.179	0.080	0.081	0.090	0.116	0.154	0.136	0.160	0.159	0.165	0.176	0.178	0.168	0.083	0.084	0.109	0.140	0.159	0.160	0.162	0.167	0.168	0.165	0.174	0.170	0.084	0.086	0.114	0.151	0.150	0.165	0.139	0.169	0.167	0.178	0.174	0.171	0.083	0.089	0.121	0.150	0.155	0.162	0.122	0.168	0.162	0.170	0.174	0.122	0.086	0.092	0.130	0.152	0.162	0.167	0.147	0.168	0.151	0.170	0.146	0.170	0.086	0.098	0.120	0.140	0.164	0.167	0.172	0.181	0.170	0.166	0.147	0.170	0.118	0.095	0.159	0.147	0.172	0.164	0.162	0.165	0.180	0.174	0.126	0.160
3:00:07	0.160	0.081	0.105	0.120	0.159	0.159	0.147	0.168	0.159	0.177	0.185	0.184	0.080	0.081	0.091	0.120	0.158	0.141	0.164	0.164	0.170	0.180	0.183	0.173	0.083	0.084	0.111	0.144	0.164	0.165	0.166	0.172	0.173	0.171	0.179	0.175	0.084	0.086	0.117	0.156	0.155	0.171	0.143	0.175	0.172	0.183	0.179	0.176	0.083	0.089	0.124	0.155	0.159	0.167	0.126	0.174	0.167	0.175	0.180	0.126	0.087	0.092	0.134	0.157	0.167	0.172	0.153	0.173	0.156	0.175	0.151	0.175	0.086	0.099	0.123	0.145	0.169	0.172	0.178	0.186	0.175	0.172	0.151	0.175	0.121	0.102	0.164	0.152	0.176	0.169	0.167	0.169	0.185	0.179	0.129	0.165
3:10:07	0.159	0.082	0.106	0.124	0.164	0.163	0.152	0.173	0.164	0.182	0.189	0.189	0.080	0.081	0.091	0.124	0.163	0.145	0.169	0.168	0.175	0.186	0.188	0.178	0.083	0.084	0.113	0.149	0.169	0.170	0.171	0.176	0.178	0.176	0.185	0.180	0.084	0.086	0.120	0.160	0.159	0.175	0.148	0.180	0.177	0.188	0.184	0.181	0.083	0.089	0.126	0.159	0.164	0.172	0.130	0.179	0.172	0.181	0.186	0.129	0.087	0.092	0.137	0.161	0.172	0.177	0.158	0.179	0.162	0.180	0.156	0.180	0.086	0.100	0.127	0.149	0.174	0.178	0.184	0.191	0.180	0.177	0.156	0.179	0.123	0.097	0.168	0.157	0.181	0.174	0.171	0.174	0.190	0.184	0.132	0.169
3:20:07	0.158	0.082	0.107	0.127	0.168	0.167	0.156	0.178	0.168	0.186	0.194	0.194	0.080	0.081	0.092	0.127	0.167	0.150	0.173	0.173	0.179	0.190	0.193	0.183	0.083	0.084	0.115	0.153	0.173	0.174	0.175	0.181	0.182	0.182	0.190	0.185	0.084	0.086	0.122	0.165	0.164	0.180	0.153	0.185	0.182	0.193	0.190	0.186	0.083	0.090	0.129	0.162	0.169	0.177	0.134	0.183	0.177	0.186	0.192	0.133	0.087	0.092	0.141	0.166	0.177	0.182	0.163	0.183	0.167	0.185	0.161	0.185	0.087	0.100	0.131	0.154	0.179	0.183	0.189	0.196	0.185	0.183	0.160	0.183	0.126	0.098	0.172	0.161	0.186	0.179	0.176	0.179	0.195	0.190	0.135	0.173
3:30:07	0.156	0.082	0.108	0.130	0.172	0.171	0.160	0.182	0.173	0.190	0.199	0.198	0.080	0.081	0.093	0.130	0.172	0.155	0.177	0.177	0.184	0.195	0.198	0.188	0.083	0.085	0.117	0.157	0.178	0.179	0.180	0.186	0.187	0.187	0.195	0.190	0.084	0.086	0.125	0.169	0.168	0.185	0.158	0.190	0.187	0.197	0.195	0.191	0.083	0.090	0.132	0.167	0.173	0.182	0.138	0.188	0.182	0.191	0.196	0.136	0.087	0.093	0.144	0.170	0.182	0.187	0.168	0.188	0.172	0.190	0.166	0.190	0.087	0.101	0.134	0.159	0.184	0.187	0.194	0.201	0.190	0.187	0.165	0.188	0.128	0.098	0.177	0.166	0.190	0.184	0.180	0.183	0.200	0.194	0.138	0.177
3:40:07	0.155	0.082	0.110	0.133	0.175	0.174	0.164	0.186	0.177	0.195	0.203	0.203	0.080	0.081	0.094	0.134	0.176	0.159	0.181	0.181	0.188	0.198	0.202	0.192	0.083	0.085	0.119	0.161	0.183	0.183	0.184	0.191	0.192	0.192	0.200	0.194	0.084	0.086	0.127	0.174	0.172	0.190	0.162	0.194	0.191	0.203	0.200	0.196	0.084	0.090	0.134	0.171	0.177	0.187	0.141	0.193	0.187	0.196	0.201	0.139	0.087	0.093	0.147	0.175	0.186	0.192	0.173	0.193	0.177	0.195	0.171	0.195	0.087	0.102	0.138	0.163	0.188	0.192	0.199	0.206	0.195	0.192	0.169	0.192	0.132	0.099	0.181	0.170	0.195	0.189	0.185	0.188	0.204	0.200	0.141	0.182
3:50:07	0.154	0.082	0.111	0.136	0.179	0.178	0.169	0.191	0.181	0.199	0.207	0.207	0.081	0.082	0.095	0.137	0.180	0.163	0.185	0.186	0.192	0.203	0.206	0.197	0.084	0.085	0.121	0.166	0.187	0.187	0.189	0.195	0.196	0.197	0.205	0.198	0.085	0.087	0.130	0.178	0.176	0.195	0.167	0.199	0.196	0.208	0.205	0.201	0.084	0.090	0.137	0.175	0.182	0.192	0.145	0.197	0.192	0.201	0.206	0.143	0.087	0.093	0.150	0.179	0.191	0.197	0.178	0.197	0.182	0.200	0.175	0.200	0.088	0.103	0.141	0.168	0.192	0.197	0.205	0.212	0.200	0.198	0.174	0.196	0.136	0.101	0.186	0.175	0.199	0.194	0.190	0.192	0.209	0.206	0.144	0.186
4:00:07	0.153	0.082	0.112	0.139	0.183	0.182	0.173	0.195	0.186	0.203	0.212	0.211	0.081	0.082	0.095	0.140	0.185	0.167	0.189	0.190	0.196	0.207	0.210	0.202	0.084	0.086	0.124	0.169	0.192	0.192	0.194	0.200	0.202	0.201	0.210	0.203	0.085	0.088	0.132	0.182	0.181	0.200	0.171	0.204	0.201	0.212	0.210	0.205	0.085	0.091	0.140	0.180	0.187	0.197	0.149	0.202	0.197	0.205	0.211	0.146	0.088	0.094	0.154	0.183	0.196	0.202	0.183	0.202	0.187	0.205	0.180	0.205	0.088	0.103	0.146	0.173	0.198	0.202	0.210	0.217	0.205	0.203	0.179	0.201	0.141	0.102	0.191	0.179	0.204	0.200	0.195	0.197	0.215	0.212	0.147	0.190
4:10:07	0.152	0.082	0.113	0.143	0.187	0.186	0.178	0.200	0.189	0.208	0.216	0.215	0.082	0.082	0.097	0.144	0.190	0.172	0.193	0.194	0.200	0.212	0.214	0.206	0.086	0.087	0.126	0.174	0.197	0.196	0.199	0.205	0.207	0.206	0.216	0.207	0.086	0.089	0.136	0.188	0.185	0.205	0.176	0.209	0.205	0.218	0.215	0.210	0.086	0.092	0.143	0.185	0.192	0.202	0.154	0.208	0.202	0.210	0.216	0.150	0.089	0.095	0.158	0.188	0.201	0.207	0.189	0.207	0.193	0.209	0.186	0.211	0.089	0.105	0.150	0.177	0.203	0.206	0.215	0.222	0.210	0.208	0.184	0.205	0.147	0.104	0.197	0.185	0.210	0.206	0.200	0.202	0.220	0.219	0.151	0.195
4:20:07	0.152	0.083	0.115	0.146	0.191	0.190	0.182	0.204	0.193	0.211	0.219	0.219	0.082	0.083	0.098	0.148	0.194	0.177	0.198	0.198	0.204	0.217	0.219	0.211	0.087	0.089	0.129	0.178	0.202	0.201	0.203	0.209	0.212	0.212	0.221	0.211	0.088	0.090	0.139	0.193	0.191	0.210	0.181	0.214	0.210	0.222	0.221	0.216	0.087	0.094	0.147	0.191	0.197	0.208	0.159	0.214	0.207	0.216	0.221	0.155	0.090	0.097	0.162	0.192	0.206	0.213	0.195	0.212	0.199	0.215	0.191	0.217	0.091	0.107	0.155	0.183	0.208	0.212	0.221	0.227	0.215	0.214	0.189	0.211	0.156	0.107	0.203	0.190	0.216	0.213	0.206	0.207	0.227	0.228	0.155	0.200
4:30:07	0.153	0.084	0.116	0.149	0.195	0.194	0.186	0.208	0.197	0.215	0.224	0.224	0.083	0.084	0.100	0.152	0.199	0.182	0.202	0.203	0.208	0.221	0.223	0.215	0.089	0.090	0.133	0.182	0.208	0.206	0.208	0.215	0.218	0.216	0.227	0.216	0.090	0.092	0.142	0.198	0.196	0.216	0.187	0.220	0.216	0.228	0.227	0.222	0.090	0.095	0.151	0.197	0.202	0.215	0.164	0.221	0.213	0.222	0.228	0.159	0.092	0.100	0.166	0.198	0.212	0.218	0.201	0.218	0.205	0.221	0.197	0.224	0.093	0.109	0.160	0.189	0.215	0.219	0.227	0.234	0.221	0.220	0.195	0.217	0.167	0.110	0.211	0.198	0.223	0.222	0.212	0.212	0.235	0.237	0.159	0.206
4:40:07	0.151	0.085	0.118	0.153	0.199	0.198	0.191	0.212	0.201	0.219	0.228	0.229	0.085	0.085	0.102	0.156	0.204	0.187	0.207	0.207	0.213	0.225	0.228	0.220	0.092	0.093	0.137	0.188	0.214	0.211	0.215	0.220	0.225	0.222	0.233	0.221	0.093	0.095	0.147	0.204	0.202	0.222	0.193	0.226	0.222	0.234	0.233	0.228	0.093	0.098	0.156	0.204	0.208	0.221	0.170	0.228	0.220	0.229	0.235	0.165	0.095	0.103	0.172	0.204	0.218	0.225	0.208	0.224	0.212	0.227	0.203	0.232	0.096	0.112	0.165	0.196	0.221	0.226	0.233	0.242	0.228	0.226	0.202	0.224	0.182	0.115	0.220	0.205	0.231	0.230	0.219	0.218	0.244	0.248	0.165	0.212
4:50:07	0.151	0.086	0.121	0.157	0.204	0.202	0.196	0.217	0.205	0.224	0.233	0.234	0.087	0.087	0.104	0.161	0.208	0.193	0.212	0.212	0.218	0.231	0.232	0.226	0.096	0.096	0.141	0.194	0.221	0.218	0.222	0.227	0.233	0.228	0.241	0.228	0.097	0.100	0.152	0.211	0.209	0.230	0.200	0.233	0.229	0.241	0.241	0.236	0.098	0.102	0.163	0.213	0.216	0.230	0.177	0.237	0.227	0.236	0.242	0.172	0.099	0.108	0.178	0.211	0.225	0.233	0.216	0.232	0.221	0.234	0.211	0.240	0.100	0.116	0.172	0.204	0.229	0.234	0.241	0.249	0.235	0.234	0.211	0.231	0.200	0.122	0.231	0.215	0.241	0.241	0.226	0.226	0.255	0.261	0.171	0.220
5:00:07	0.153	0.088	0.123	0.161	0.209	0.207	0.201	0.222	0.210	0.229	0.238	0.238	0.089	0.089	0.108	0.166	0.214	0.199	0.217	0.218	0.224	0.237	0.238	0.231	0.100	0.102	0.148	0.200	0.229	0.225	0.230	0.234	0.242	0.235	0.249	0.236	0.103	0.105	0.159	0.220	0.219	0.239	0.208	0.242	0.236	0.250	0.251	0.245	0.104	0.108	0.171	0.224	0.226	0.239	0.186	0.247	0.236	0.245	0.252	0.181	0.106	0.115	0.187	0.220	0.234	0.242	0.226	0.241	0.231	0.244	0.220	0.251	0.106	0.122	0.181	0.214	0.239	0.243	0.250	0.259	0.245	0.243	0.220	0.241	0.222	0.130	0.244	0.226	0.253	0.255	0.236	0.235	0.269	0.276	0.179	0.230
5:10:07	0.156	0.091	0.127	0.167	0.215	0.211	0.207	0.227	0.216	0.235	0.244	0.244	0.094	0.092	0.113	0.173	0.222	0.207	0.224	0.225	0.230	0.244	0.244	0.239	0.108	0.109	0.157	0.210	0.239	0.234	0.241	0.243	0.255	0.243	0.259	0.247	0.112	0.113	0.168	0.231	0.230	0.249	0.219	0.253	0.246	0.260	0.262	0.256	0.113	0.116	0.182	0.238	0.237	0.252	0.197	0.259	0.248	0.256	0.264	0.192	0.114	0.124	0.198	0.231	0.245	0.253	0.238	0.252	0.243	0.256	0.232	0.264	0.116	0.130	0.192	0.226	0.252	0.255	0.262	0.271	0.256	0.255	0.233	0.254	0.249	0.141	0.259	0.241	0.268	0.269	0.249	0.246	0.285	0.294	0.190	0.241
5:20:07	0.160	0.095	0.131	0.173	0.222	0.218	0.214	0.233	0.222	0.241	0.250	0.250	0.100	0.097	0.119	0.181	0.230	0.218	0.233	0.233	0.237	0.252	0.250	0.248	0.118	0.118	0.168	0.222	0.252	0.245	0.254	0.253	0.271	0.254	0.271	0.258	0.122	0.124	0.179	0.245	0.243	0.263	0.233	0.266	0.257	0.273	0.277	0.270	0.125	0.126	0.195	0.253	0.252	0.267	0.211	0.275	0.263	0.270	0.278	0.205	0.126	0.136	0.211	0.245	0.258	0.266	0.253	0.265	0.258	0.270	0.245	0.280	0.127	0.141	0.206	0.240	0.268	0.269	0.275	0.285	0.269	0.268	0.248	0.268	0.280	0.155	0.278	0.257	0.285	0.286	0.263	0.259	0.305	0.315	0.205	0.256
5:30:07	0.165	0.101	0.137	0.181	0.230	0.225	0.222	0.240	0.229	0.248	0.258	0.257	0.107	0.104	0.128	0.191	0.240	0.229	0.243	0.243	0.247	0.262	0.260	0.259	0.131	0.130	0.181	0.237	0.267	0.258	0.269	0.268	0.286	0.267	0.285	0.272	0.135	0.138	0.192	0.261	0.258	0.279	0.249	0.282	0.272	0.288	0.294	0.286	0.138	0.139	0.210	0.271	0.268	0.284	0.226	0.292	0.278	0.286	0.293	0.220	0.140	0.150	0.227	0.260	0.275	0.282	0.269	0.282	0.274	0.285	0.259	0.297	0.141	0.154	0.221	0.256	0.285	0.283	0.290	0.301	0.285	0.284	0.265	0.283	0.312	0.170	0.299	0.274	0.304	0.306	0.280	0.275	0.327	0.340	0.221	0.273
5:40:07	0.172	0.110	0.144	0.190	0.239	0.234	0.230	0.247	0.238	0.257	0.265	0.267	0.117	0.113	0.140	0.203	0.254	0.243	0.255	0.255	0.259	0.276	0.271	0.272	0.145	0.145	0.196	0.252	0.283	0.273	0.285	0.283	0.303	0.282	0.301	0.288	0.151	0.153	0.208	0.278	0.275	0.297	0.266	0.299	0.286	0.304	0.311	0.302	0.153	0.153	0.227	0.291	0.285	0.302	0.242	0.310	0.296	0.303	0.311	0.237	0.156	0.166	0.244	0.276	0.293	0.298	0.287	0.298	0.291	0.303	0.277	0.315	0.156	0.169	0.238	0.273	0.304	0.299	0.306	0.319	0.302	0.300	0.283	0.302	0.344	0.187	0.321	0.293	0.325	0.328	0.296	0.291	0.352	0.366	0.240	0.291
5:50:07	0.176	0.121	0.153	0.202	0.252	0.246	0.240	0.258	0.249	0.268	0.275	0.277	0.129	0.125	0.153	0.217	0.269	0.259	0.270	0.269	0.272	0.289	0.285	0.287	0.161	0.161	0.211	0.269	0.301	0.289	0.300	0.301	0.324	0.298	0.317	0.306	0.169	0.170	0.225	0.297	0.294	0.317	0.285	0.317	0.302	0.321	0.331	0.321	0.171	0.170	0.245	0.314	0.304	0.323	0.261	0.332	0.316	0.323	0.331	0.256	0.173	0.184	0.264	0.294	0.313	0.317	0.308	0.317	0.312	0.321	0.297	0.337	0.174	0.186	0.258	0.293	0.327	0.317	0.326	0.341	0.322	0.319	0.305	0.324	0.381	0.208	0.346	0.316	0.348	0.352	0.316	0.310	0.377	0.395	0.260	0.311
6:00:07	0.188	0.132	0.166	0.214	0.265	0.259	0.252	0.270	0.263	0.282	0.288	0.291	0.144	0.138	0.168	0.233	0.284	0.275	0.286	0.284	0.288	0.305	0.300	0.304	0.181	0.181	0.228	0.291	0.321	0.308	0.322	0.320	0.350	0.318	0.335	0.327	0.192	0.191	0.245	0.320	0.317	0.341	0.307	0.341	0.323	0.343	0.356	0.343	0.194	0.191	0.268	0.339	0.327	0.348	0.282	0.357	0.341	0.346	0.355	0.279	0.196	0.207	0.289	0.316	0.337	0.338	0.333	0.340	0.335	0.344	0.321	0.362	0.196	0.207	0.281	0.318	0.353	0.340	0.349	0.365	0.345	0.342	0.330	0.349	0.418	0.232	0.375	0.342	0.375	0.379	0.339	0.333	0.407	0.428	0.283	0.336
6:10:07	0.200	0.145	0.180	0.229	0.279	0.274	0.266	0.285	0.278	0.297	0.303	0.306	0.161	0.154	0.186	0.250	0.302	0.294	0.305	0.300	0.305	0.323	0.316	0.321	0.203	0.205	0.245	0.314	0.344	0.330	0.345	0.343	0.375	0.339	0.355	0.348	0.217	0.215	0.268	0.344	0.339	0.367	0.332	0.366	0.345	0.367	0.381	0.367	0.218	0.215	0.291	0.364	0.353	0.375	0.306	0.384	0.367	0.372	0.381	0.304	0.222	0.232	0.317	0.341	0.364	0.361	0.359	0.364	0.361	0.369	0.346	0.388	0.222	0.232	0.305	0.344	0.380	0.364	0.375	0.390	0.370	0.366	0.358	0.373	0.455	0.260	0.407	0.369	0.404	0.407	0.365	0.357	0.434	0.463	0.309	0.363
6:20:07	0.209	0.161	0.195	0.245	0.295	0.291	0.281	0.300	0.294	0.314	0.317	0.320	0.181	0.171	0.207	0.270	0.322	0.314	0.326	0.319	0.325	0.343	0.334	0.341	0.223	0.230	0.264	0.338	0.368	0.356	0.368	0.368	0.405	0.361	0.375	0.373	0.241	0.240	0.292	0.368	0.362	0.392	0.356	0.392	0.369	0.391	0.405	0.389	0.238	0.238	0.314	0.391	0.379	0.398	0.331	0.411	0.395	0.400	0.408	0.330	0.248	0.258	0.343	0.367	0.394	0.386	0.387	0.389	0.387	0.392	0.372	0.407	0.247	0.255	0.330	0.371	0.409	0.388	0.401	0.414	0.393	0.390	0.384	0.396	0.490	0.288	0.438	0.397	0.429	0.436	0.391	0.382	0.463	0.497	0.336	0.390
6:30:07	0.193	0.184	0.217	0.264	0.317	0.310	0.299	0.318	0.315	0.335	0.334	0.340	0.202	0.191	0.227	0.294	0.343	0.338	0.349	0.340	0.344	0.365	0.356	0.363	0.242	0.253	0.283	0.362	0.390	0.381	0.386	0.388	0.436	0.383	0.395	0.388	0.266	0.260	0.313	0.388	0.385	0.417	0.379	0.414	0.390	0.407	0.429	0.406	0.263	0.257	0.340	0.413	0.398	0.424	0.352	0.434	0.419	0.423	0.432	0.352	0.270	0.284	0.371	0.388	0.419	0.407	0.413	0.413	0.412	0.414	0.397	0.430	0.271	0.277	0.353	0.398	0.439	0.412	0.426	0.439	0.416	0.414	0.412	0.422	0.525	0.315	0.467	0.424	0.461	0.468	0.419	0.412	0.491	0.530	0.362	0.414
6:40:07	0.183	0.211	0.239	0.287	0.340	0.334	0.320	0.338	0.338	0.358	0.354	0.361	0.222	0.210	0.250	0.313	0.365	0.358	0.367	0.362	0.365	0.387	0.375	0.380	0.267	0.276	0.307	0.389	0.414	0.404	0.413	0.411	0.465	0.404	0.418	0.413	0.294	0.284	0.341	0.416	0.411	0.444	0.405	0.441	0.415	0.432	0.458	0.430	0.287	0.282	0.368	0.438	0.424	0.451	0.378	0.461	0.442	0.445	0.459	0.377	0.293	0.312	0.401	0.417	0.447	0.432	0.440	0.440	0.440	0.440	0.424	0.456	0.297	0.300	0.377	0.425	0.469	0.438	0.454	0.466	0.441	0.442	0.442	0.451	0.562	0.347	0.500	0.455	0.491	0.500	0.448	0.442	0.523	0.574	0.391	0.443
6:50:07	0.207	0.235	0.265	0.310	0.367	0.359	0.344	0.363	0.365	0.385	0.375	0.386	0.248	0.229	0.272	0.337	0.386	0.382	0.393	0.382	0.385	0.409	0.397	0.405	0.290	0.299	0.331	0.415	0.442	0.427	0.439	0.438	0.493	0.429	0.441	0.440	0.322	0.309	0.367	0.443	0.436	0.472	0.434	0.468	0.442	0.455	0.485	0.452	0.309	0.309	0.393	0.461	0.449	0.478	0.405	0.487	0.468	0.472	0.483	0.398	0.315	0.336	0.430	0.445	0.478	0.458	0.465	0.466	0.466	0.462	0.451	0.477	0.324	0.322	0.401	0.454	0.497	0.462	0.483	0.492	0.465	0.468	0.469	0.475	0.595	0.375	0.532	0.483	0.517	0.530	0.478	0.473	0.552	0.611	0.419	0.469
7:00:07	0.224	0.255	0.284	0.334	0.399	0.380	0.365	0.384	0.390	0.406	0.393	0.409	0.272	0.251	0.297	0.364	0.409	0.406	0.420	0.411	0.410	0.434	0.421	0.428	0.314	0.321	0.353	0.439	0.465	0.452	0.464	0.461	0.525	0.452	0.466	0.463	0.350	0.331	0.391	0.468	0.459	0.498	0.460	0.493	0.466	0.475	0.510	0.472	0.331	0.330	0.421	0.480	0.472	0.505	0.430	0.510	0.492	0.496	0.506	0.420	0.338	0.359	0.461	0.470	0.508	0.482	0.491	0.495	0.489	0.485	0.477	0.499	0.349	0.343	0.424	0.480	0.524	0.484	0.510	0.516	0.489	0.491	0.498	0.499	0.624	0.401	0.562	0.509	0.544	0.558	0.506	0.503	0.579	0.644	0.446	0.495
7:10:07	0.251	0.287	0.302	0.358	0.424	0.404	0.390	0.408	0.414	0.433	0.414	0.431	0.293	0.270	0.318	0.389	0.428	0.425	0.445	0.435	0.430	0.454	0.446	0.448	0.336	0.341	0.375	0.463	0.489	0.473	0.487	0.480	0.557	0.475	0.486	0.485	0.381	0.354	0.414	0.490	0.482	0.521	0.484	0.519	0.487	0.493	0.536	0.494	0.352	0.352	0.445	0.499	0.493	0.531	0.454	0.533	0.517	0.519	0.527	0.440	0.358	0.381	0.486	0.495	0.535	0.505	0.517	0.520	0.511	0.510	0.504	0.519	0.373	0.365	0.448	0.507	0.550	0.506	0.539	0.540	0.514	0.514	0.526	0.525	0.654	0.427	0.592	0.534	0.573	0.585	0.534	0.534	0.604	0.673	0.472	0.520
7:20:07	0.275	0.311	0.332	0.390	0.460	0.433	0.419	0.436	0.448	0.464	0.437	0.456	0.318	0.291	0.341	0.411	0.449	0.450	0.473	0.457	0.452	0.477	0.471	0.473	0.358	0.363	0.399	0.486	0.514	0.495	0.512	0.505	0.595	0.498	0.510	0.508	0.409	0.374	0.439	0.513	0.507	0.547	0.510	0.546	0.509	0.513	0.560	0.516	0.373	0.375	0.468	0.518	0.517	0.560	0.480	0.558	0.541	0.543	0.547	0.459	0.380	0.402	0.516	0.519	0.561	0.527	0.541	0.546	0.535	0.534	0.529	0.540	0.397	0.388	0.470	0.533	0.575	0.526	0.566	0.564	0.539	0.537	0.552	0.549	0.682	0.452	0.620	0.559	0.604	0.612	0.561	0.564	0.629	0.703	0.499	0.545
7:30:07	0.299	0.342	0.355	0.417	0.492	0.457	0.444	0.460	0.477	0.492	0.458	0.482	0.344	0.313	0.363	0.435	0.469	0.473	0.504	0.480	0.472	0.498	0.494	0.497	0.381	0.382	0.420	0.510	0.536	0.519	0.535	0.526	0.630	0.521	0.533	0.529	0.436	0.393	0.459	0.536	0.527	0.569	0.535	0.569	0.528	0.531	0.583	0.538	0.393	0.396	0.488	0.537	0.538	0.582	0.504	0.579	0.564	0.567	0.564	0.475	0.401	0.420	0.541	0.541	0.580	0.545	0.562	0.565	0.555	0.557	0.550	0.558	0.421	0.410	0.491	0.558	0.596	0.543	0.589	0.586	0.566	0.558	0.578	0.572	0.708	0.471	0.647	0.582	0.636	0.634	0.588	0.594	0.651	0.729	0.523	0.565
7:40:07	0.321	0.371	0.378	0.443	0.521	0.478	0.467	0.480	0.505	0.519	0.480	0.509	0.370	0.336	0.389	0.460	0.492	0.497	0.536	0.505	0.494	0.522	0.521	0.523	0.403	0.402	0.442	0.534	0.558	0.541	0.560	0.550	0.669	0.543	0.556	0.550	0.462	0.412	0.481	0.558	0.552	0.592	0.558	0.591	0.549	0.549	0.606	0.560	0.412	0.417	0.506	0.554	0.559	0.607	0.526	0.600	0.586	0.588	0.586	0.492	0.420	0.437	0.563	0.562	0.602	0.563	0.582	0.585	0.574	0.578	0.573	0.575	0.445	0.431	0.509	0.584	0.624	0.558	0.611	0.607	0.593	0.577	0.603	0.593	0.731	0.491	0.672	0.606	0.667	0.656	0.610	0.621	0.671	0.754	0.546	0.586
7:50:07	0.342	0.399	0.404	0.469	0.555	0.506	0.493	0.503	0.534	0.543	0.503	0.534	0.398	0.358	0.412	0.484	0.513	0.520	0.573	0.530	0.517	0.543	0.545	0.544	0.424	0.421	0.463	0.555	0.580	0.564	0.583	0.573	0.706	0.567	0.581	0.570	0.484	0.427	0.505	0.581	0.578	0.613	0.582	0.612	0.564	0.567	0.629	0.584	0.426	0.438	0.519	0.573	0.580	0.629	0.547	0.618	0.607	0.610	0.606	0.510	0.443	0.451	0.582	0.583	0.621	0.580	0.600	0.600	0.590	0.598	0.592	0.590	0.467	0.453	0.526	0.608	0.644	0.572	0.628	0.628	0.619	0.594	0.629	0.615	0.749	0.507	0.695	0.631	0.695	0.676	0.633	0.647	0.691	0.776	0.569	0.604
8:00:07	0.362	0.426	0.431	0.500	0.587	0.531	0.517	0.524	0.564	0.568	0.524	0.553	0.423	0.382	0.435	0.506	0.532	0.545	0.609	0.553	0.539	0.566	0.569	0.565	0.446	0.441	0.482	0.571	0.598	0.584	0.604	0.594	0.747	0.589	0.603	0.588	0.500	0.439	0.525	0.599	0.602	0.633	0.599	0.625	0.581	0.585	0.646	0.607	0.439	0.449	0.532	0.587	0.596	0.645	0.565	0.633	0.622	0.628	0.620	0.521	0.460	0.461	0.596	0.601	0.633	0.597	0.613	0.610	0.603	0.616	0.607	0.600	0.488	0.474	0.540	0.638	0.662	0.580	0.648	0.644	0.642	0.607	0.646	0.630	0.760	0.519	0.712	0.653	0.706	0.691	0.653	0.664	0.707	0.789	0.588	0.618
8:10:07	0.382	0.449	0.457	0.528	0.615	0.558	0.542	0.546	0.593	0.593	0.545	0.575	0.448	0.405	0.457	0.528	0.551	0.566	0.653	0.580	0.559	0.590	0.595	0.586	0.462	0.458	0.496	0.584	0.614	0.604	0.623	0.613	0.799	0.606	0.625	0.602	0.512	0.452	0.545	0.615	0.614	0.647	0.617	0.639	0.594	0.599	0.663	0.624	0.449	0.464	0.544	0.600	0.608	0.655	0.582	0.646	0.636	0.644	0.636	0.530	0.472	0.472	0.609	0.615	0.645	0.608	0.627	0.621	0.617	0.630	0.622	0.610	0.504	0.490	0.553	0.651	0.676	0.590	0.663	0.659	0.656	0.619	0.663	0.639	0.770	0.531	0.727	0.671	0.714	0.700	0.668	0.682	0.720	0.797	0.603	0.628
8:20:07	0.399	0.468	0.482	0.554	0.644	0.583	0.564	0.567	0.618	0.616	0.566	0.594	0.464	0.424	0.479	0.547	0.567	0.575	0.696	0.602	0.579	0.612	0.617	0.596	0.475	0.471	0.510	0.592	0.621	0.619	0.641	0.629	0.840	0.621	0.642	0.615	0.518	0.462	0.565	0.627	0.622	0.658	0.629	0.645	0.606	0.614	0.673	0.632	0.454	0.475	0.550	0.613	0.615	0.663	0.596	0.656	0.647	0.659	0.648	0.538	0.475	0.480	0.621	0.627	0.653	0.615	0.635	0.627	0.624	0.638	0.632	0.615	0.515	0.495	0.562	0.656	0.683	0.596	0.668	0.672	0.668	0.629	0.674	0.641	0.770	0.538	0.741	0.681	0.718	0.703	0.683	0.692	0.728	0.804	0.617	0.632
8:30:07	0.411	0.481	0.499	0.575	0.664	0.606	0.586	0.585	0.636	0.639	0.582	0.614	0.470	0.433	0.489	0.565	0.572	0.581	0.728	0.617	0.591	0.621	0.638	0.600	0.481	0.479	0.520	0.596	0.622	0.623	0.647	0.642	0.888	0.628	0.649	0.618	0.522	0.465	0.580	0.633	0.631	0.660	0.638	0.648	0.613	0.628	0.677	0.640	0.458	0.477	0.555	0.619	0.620	0.670	0.603	0.660	0.651	0.666	0.655	0.541	0.480	0.481	0.625	0.630	0.655	0.619	0.641	0.631	0.630	0.642	0.638	0.617	0.518	0.498	0.565	0.662	0.688	0.599	0.669	0.690	0.680	0.635	0.681	0.643	0.772	0.541	0.747	0.689	0.724	0.701	0.689	0.698	0.732	0.803	0.624	0.635
8:40:07	0.420	0.487	0.508	0.585	0.668	0.622	0.604	0.599	0.656	0.658	0.593	0.629	0.477	0.435	0.493	0.574	0.576	0.587	0.772	0.630	0.596	0.623	0.643	0.605	0.481	0.484	0.524	0.599	0.623	0.628	0.652	0.648	0.888	0.632	0.657	0.623	0.526	0.469	0.588	0.637	0.639	0.662	0.644	0.651	0.618	0.637	0.683	0.650	0.463	0.478	0.559	0.622	0.625	0.681	0.610	0.665	0.656	0.670	0.661	0.546	0.483	0.482	0.626	0.631	0.657	0.622	0.647	0.636	0.636	0.647	0.644	0.620	0.519	0.502	0.568	0.666	0.695	0.602	0.673	0.698	0.694	0.644	0.687	0.646	0.772	0.543	0.749	0.696	0.726	0.700	0.691	0.700	0.735	0.802	0.631	0.637
8:50:07	0.426	0.489	0.514	0.589	0.670	0.629	0.610	0.604	0.670	0.662	0.598	0.636	0.483	0.435	0.501	0.581	0.581	0.593	0.787	0.633	0.601	0.625	0.646	0.608	0.482	0.489	0.528	0.602	0.625	0.632	0.657	0.654	0.916	0.640	0.661	0.628	0.531	0.472	0.596	0.641	0.648	0.665	0.651	0.655	0.621	0.643	0.689	0.660	0.468	0.479	0.564	0.624	0.630	0.687	0.616	0.668	0.662	0.673	0.665	0.550	0.487	0.484	0.626	0.634	0.658	0.625	0.652	0.641	0.641	0.652	0.652	0.623	0.522	0.506	0.572	0.671	0.701	0.605	0.675	0.706	0.706	0.646	0.692	0.648	0.770	0.547	0.750	0.703	0.724	0.698	0.694	0.705	0.738	0.797	0.636	0.641
9:00:07	0.429	0.489	0.518	0.593	0.673	0.634	0.615	0.605	0.679	0.662	0.602	0.642	0.489	0.436	0.512	0.587	0.588	0.600	0.797	0.636	0.605	0.627	0.647	0.612	0.484	0.494	0.531	0.605	0.626	0.636	0.662	0.657	0.929	0.645	0.665	0.628	0.537	0.477	0.601	0.645	0.654	0.666	0.658	0.659	0.624	0.649	0.694	0.670	0.472	0.480	0.567	0.626	0.635	0.696	0.622	0.672	0.667	0.676	0.671	0.552	0.491	0.485	0.627	0.636	0.661	0.628	0.658	0.648	0.646	0.658	0.659	0.627	0.525	0.511	0.576	0.674	0.708	0.608	0.681	0.715	0.730	0.653	0.696	0.652	0.770	0.552	0.752	0.710	0.720	0.697	0.697	0.707	0.742	0.795	0.643	0.645
9:10:07	0.432	0.489	0.521	0.595	0.675	0.641	0.621	0.606	0.687	0.662	0.606	0.648	0.495	0.436	0.521	0.594	0.595	0.609	0.803	0.640	0.613	0.631	0.649	0.616	0.484	0.500	0.534	0.608	0.628	0.641	0.666	0.663	0.941	0.649	0.669	0.634	0.542	0.481	0.607	0.648	0.660	0.670	0.666	0.665	0.628	0.654	0.696	0.679	0.479	0.481	0.573	0.629	0.641	0.704	0.628	0.678	0.673	0.680	0.676	0.557	0.496	0.487	0.629	0.639	0.663	0.632	0.665	0.656	0.653	0.663	0.666	0.631	0.530	0.516	0.580	0.678	0.714	0.611	0.691	0.724	0.727	0.661	0.697	0.655	0.769	0.557	0.753	0.718	0.718	0.697	0.700	0.712	0.745	0.794	0.649	0.649
9:20:07	0.435	0.489	0.526	0.599	0.678	0.647	0.626	0.609	0.695	0.660	0.611	0.652	0.501	0.438	0.527	0.601	0.605	0.617	0.808	0.641	0.615	0.634	0.650	0.621	0.485	0.506	0.537	0.613	0.631	0.647	0.669	0.668	0.954	0.655	0.675	0.637	0.549	0.486	0.613	0.651	0.665	0.674	0.674	0.671	0.631	0.661	0.699	0.686	0.485	0.484	0.577	0.631	0.646	0.711	0.633	0.683	0.679	0.683	0.681	0.560	0.500	0.490	0.630	0.644	0.667	0.637	0.671	0.663	0.659	0.668	0.672	0.635	0.536	0.522	0.586	0.682	0.717	0.616	0.698	0.734	0.732	0.667	0.704	0.660	0.769	0.565	0.755	0.723	0.714	0.697	0.704	0.714	0.747	0.794	0.655	0.655
9:30:07	0.438	0.491	0.531	0.602	0.682	0.652	0.631	0.611	0.703	0.659	0.617	0.655	0.509	0.441	0.531	0.609	0.617	0.626	0.813	0.646	0.622	0.639	0.654	0.627	0.485	0.514	0.541	0.617	0.635	0.654	0.673	0.675	0.965	0.659	0.680	0.642	0.557	0.491	0.619	0.656	0.670	0.678	0.683	0.678	0.635	0.667	0.704	0.692	0.491	0.486	0.582	0.633	0.649	0.722	0.639	0.689	0.684	0.686	0.688	0.564	0.505	0.493	0.631	0.648	0.671	0.639	0.679	0.672	0.666	0.674	0.679	0.639	0.542	0.527	0.592	0.685	0.722	0.621	0.706	0.743	0.735	0.672	0.706	0.663	0.770	0.574	0.758	0.726	0.713	0.698	0.708	0.721	0.752	0.793	0.662	0.661
9:40:07	0.442	0.494	0.536	0.607	0.687	0.660	0.636	0.614	0.711	0.658	0.624	0.659	0.517	0.445	0.534	0.616	0.627	0.633	0.819	0.650	0.627	0.645	0.656	0.634	0.486	0.521	0.545	0.623	0.639	0.661	0.677	0.682	0.974	0.665	0.686	0.646	0.565	0.496	0.626	0.660	0.676	0.683	0.692	0.686	0.639	0.674	0.709	0.698	0.497	0.489	0.587	0.638	0.653	0.733	0.645	0.695	0.692	0.692	0.695	0.569	0.509	0.497	0.633	0.653	0.676	0.643	0.687	0.682	0.673	0.682	0.684	0.644	0.549	0.535	0.598	0.689	0.726	0.625	0.713	0.752	0.739	0.677	0.714	0.668	0.772	0.583	0.761	0.729	0.712	0.700	0.713	0.723	0.755	0.794	0.669	0.665
9:50:07	0.445	0.496	0.542	0.611	0.694	0.668	0.642	0.616	0.721	0.656	0.630	0.662	0.524	0.449	0.536	0.624	0.638	0.641	0.822	0.651	0.632	0.649	0.658	0.641	0.487	0.528	0.549	0.629	0.644	0.667	0.680	0.688	0.980	0.670	0.693	0.651	0.575	0.502	0.632	0.664	0.685	0.687	0.701	0.694	0.644	0.680	0.715	0.703	0.503	0.491	0.594	0.642	0.656	0.742	0.651	0.700	0.699	0.697	0.700	0.572	0.512	0.500	0.635	0.658	0.680	0.648	0.694	0.689	0.680	0.687	0.687	0.649	0.556	0.541	0.604	0.694	0.728	0.630	0.720	0.763	0.744	0.681	0.717	0.671	0.774	0.593	0.764	0.732	0.711	0.703	0.722	0.732	0.760	0.796	0.677	0.672
10:00:07	0.450	0.500	0.548	0.618	0.702	0.679	0.649	0.619	0.732	0.656	0.638	0.665	0.531	0.454	0.540	0.634	0.650	0.651	0.827	0.654	0.639	0.655	0.662	0.649	0.488	0.537	0.555	0.634	0.650	0.673	0.683	0.695	0.982	0.676	0.700	0.657	0.584	0.507	0.642	0.669	0.694	0.692	0.712	0.704	0.649	0.688	0.721	0.710	0.510	0.494	0.601	0.646	0.661	0.754	0.657	0.706	0.705	0.702	0.705	0.577	0.516	0.504	0.638	0.662	0.683	0.652	0.702	0.695	0.687	0.695	0.689	0.655	0.563	0.547	0.611	0.698	0.733	0.635	0.726	0.773	0.749	0.685	0.724	0.676	0.777	0.606	0.765	0.739	0.713	0.705	0.727	0.735	0.766	0.798	0.684	0.680
10:10:07	0.456	0.504	0.553	0.623	0.709	0.690	0.657	0.623	0.740	0.656	0.645	0.669	0.539	0.460	0.544	0.643	0.661	0.661	0.829	0.655	0.644	0.658	0.665	0.655	0.490	0.546	0.559	0.641	0.657	0.681	0.685	0.701	0.983	0.682	0.707	0.662	0.593	0.512	0.650	0.675	0.706	0.699	0.722	0.713	0.655	0.695	0.726	0.718	0.517	0.498	0.608	0.649	0.665	0.767	0.662	0.712	0.710	0.707	0.709	0.581	0.518	0.508	0.640	0.667	0.688	0.657	0.708	0.700	0.695	0.703	0.693	0.662	0.573	0.556	0.618	0.702	0.738	0.639	0.732	0.786	0.755	0.689	0.726	0.681	0.780	0.620	0.768	0.746	0.715	0.709	0.733	0.747	0.772	0.803	0.692	0.693
10:20:07	0.466	0.509	0.560	0.630	0.719	0.702	0.666	0.628	0.750	0.657	0.650	0.671	0.546	0.467	0.550	0.653	0.670	0.672	0.831	0.657	0.648	0.663	0.669	0.662	0.492	0.553	0.565	0.649	0.662	0.689	0.689	0.708	0.985	0.688	0.713	0.667	0.600	0.518	0.661	0.681	0.718	0.706	0.732	0.723	0.661	0.703	0.730	0.726	0.524	0.502	0.615	0.653	0.672	0.782	0.667	0.719	0.716	0.714	0.715	0.586	0.519	0.512	0.643	0.672	0.693	0.661	0.713	0.707	0.703	0.708	0.698	0.669	0.583	0.564	0.625	0.706	0.743	0.647	0.738	0.799	0.763	0.691	0.733	0.689	0.783	0.633	0.772	0.753	0.720	0.714	0.739	0.753	0.777	0.809	0.701	0.709
10:30:07	0.474	0.512	0.567	0.639	0.729	0.716	0.675	0.634	0.759	0.657	0.655	0.676	0.554	0.475	0.555	0.663	0.680	0.683	0.831	0.661	0.656	0.670	0.673	0.671	0.494	0.557	0.570	0.658	0.671	0.697	0.693	0.714	0.986	0.694	0.720	0.674	0.605	0.523	0.671	0.686	0.731	0.715	0.740	0.735	0.668	0.712	0.736	0.735	0.531	0.508	0.621	0.657	0.679	0.796	0.672	0.725	0.721	0.721	0.723	0.592	0.521	0.516	0.646	0.675	0.698	0.664	0.718	0.716	0.712	0.714	0.704	0.678	0.592	0.570	0.633	0.710	0.748	0.654	0.745	0.814	0.769	0.695	0.734	0.698	0.784	0.648	0.774	0.761	0.723	0.718	0.743	0.770	0.783	0.815	0.708	0.728
10:40:07	0.481	0.519	0.575	0.649	0.741	0.732	0.686	0.640	0.770	0.658	0.661	0.681	0.561	0.484	0.563	0.675	0.692	0.694	0.830	0.664	0.661	0.680	0.677	0.683	0.497	0.562	0.575	0.668	0.681	0.707	0.697	0.721	0.989	0.702	0.725	0.679	0.615	0.528	0.682	0.693	0.745	0.726	0.753	0.749	0.674	0.718	0.742	0.742	0.538	0.513	0.631	0.661	0.688	0.811	0.679	0.733	0.729	0.727	0.731	0.598	0.524	0.521	0.650	0.680	0.702	0.668	0.725	0.728	0.721	0.720	0.711	0.688	0.603	0.578	0.641	0.714	0.752	0.662	0.753	0.831	0.776	0.702	0.740	0.710	0.787	0.666	0.778	0.772	0.729	0.723	0.749	0.779	0.790	0.823	0.716	0.748
10:50:07	0.491	0.526	0.585	0.661	0.754	0.750	0.699	0.646	0.781	0.660	0.666	0.686	0.570	0.494	0.571	0.687	0.703	0.705	0.831	0.669	0.669	0.692	0.683	0.694	0.501	0.567	0.581	0.680	0.693	0.717	0.702	0.722	0.992	0.709	0.728	0.683	0.625	0.534	0.696	0.700	0.756	0.737	0.765	0.764	0.679	0.725	0.749	0.747	0.547	0.521	0.643	0.666	0.698	0.825	0.686	0.741	0.737	0.735	0.739	0.602	0.528	0.526	0.655	0.685	0.708	0.673	0.733	0.742	0.732	0.727	0.718	0.700	0.615	0.586	0.649	0.718	0.757	0.671	0.763	0.848	0.783	0.708	0.744	0.724	0.790	0.689	0.782	0.783	0.735	0.728	0.755	0.803	0.797	0.832	0.723	0.770
11:00:07	0.503	0.532	0.594	0.673	0.768	0.765	0.714	0.652	0.793	0.664	0.673	0.692	0.579	0.505	0.579	0.698	0.715	0.717	0.835	0.675	0.676	0.704	0.686	0.707	0.504	0.572	0.587	0.693	0.707	0.726	0.708	0.727	0.997	0.717	0.732	0.688	0.636	0.540	0.710	0.706	0.768	0.750	0.779	0.780	0.683	0.730	0.755	0.754	0.559	0.531	0.657	0.671	0.712	0.837	0.694	0.750	0.745	0.743	0.745	0.608	0.532	0.530	0.660	0.690	0.714	0.677	0.739	0.759	0.744	0.735	0.726	0.714	0.629	0.593	0.657	0.721	0.762	0.679	0.770	0.864	0.790	0.717	0.748	0.740	0.791	0.715	0.786	0.796	0.741	0.733	0.758	0.817	0.804	0.840	0.732	0.792
11:10:07	0.516	0.540	0.605	0.687	0.783	0.783	0.726	0.659	0.804	0.665	0.678	0.699	0.590	0.517	0.588	0.710	0.727	0.730	0.838	0.680	0.685	0.720	0.692	0.719	0.506	0.576	0.592	0.706	0.722	0.733	0.715	0.731	1.002	0.726	0.736	0.694	0.647	0.547	0.726	0.714	0.779	0.764	0.794	0.799	0.688	0.737	0.764	0.761	0.573	0.542	0.671	0.677	0.726	0.850	0.702	0.759	0.754	0.751	0.756	0.615	0.537	0.534	0.666	0.696	0.721	0.683	0.748	0.778	0.757	0.743	0.735	0.732	0.647	0.602	0.668	0.726	0.767	0.691	0.781	0.881	0.798	0.730	0.751	0.760	0.794	0.743	0.790	0.808	0.748	0.740	0.768	0.845	0.810	0.852	0.743	0.815
11:20:07	0.532	0.550	0.616	0.699	0.799	0.804	0.740	0.666	0.816	0.668	0.685	0.704	0.601	0.528	0.596	0.722	0.739	0.742	0.841	0.685	0.694	0.735	0.697	0.728	0.510	0.581	0.596	0.722	0.736	0.737	0.721	0.735	1.007	0.735	0.739	0.697	0.659	0.555	0.742	0.722	0.788	0.777	0.812	0.817	0.693	0.743	0.769	0.766	0.592	0.556	0.687	0.683	0.741	0.861	0.713	0.771	0.765	0.760	0.763	0.622	0.543	0.539	0.672	0.700	0.729	0.688	0.759	0.798	0.771	0.750	0.741	0.749	0.662	0.613	0.681	0.731	0.771	0.700	0.794	0.897	0.802	0.740	0.752	0.781	0.797	0.771	0.795	0.821	0.752	0.747	0.771	0.858	0.815	0.860	0.755	0.832
11:30:07	0.549	0.560	0.630	0.714	0.818	0.820	0.755	0.675	0.830	0.671	0.691	0.709	0.612	0.541	0.604	0.736	0.750	0.753	0.842	0.691	0.704	0.750	0.704	0.739	0.512	0.589	0.601	0.736	0.750	0.742	0.728	0.739	1.011	0.746	0.744	0.704	0.672	0.563	0.754	0.730	0.797	0.790	0.833	0.835	0.700	0.750	0.777	0.771	0.612	0.573	0.703	0.691	0.755	0.872	0.722	0.782	0.775	0.768	0.770	0.631	0.550	0.545	0.679	0.703	0.738	0.692	0.772	0.813	0.787	0.760	0.750	0.769	0.678	0.624	0.694	0.736	0.775	0.711	0.806	0.910	0.807	0.750	0.755	0.799	0.801	0.801	0.799	0.833	0.757	0.756	0.780	0.884	0.820	0.868	0.770	0.849
11:40:07	0.569	0.571	0.644	0.729	0.838	0.839	0.771	0.686	0.843	0.674	0.697	0.713	0.623	0.553	0.612	0.752	0.761	0.765	0.841	0.695	0.715	0.764	0.710	0.749	0.516	0.596	0.607	0.750	0.768	0.747	0.737	0.744	1.008	0.755	0.750	0.712	0.685	0.573	0.766	0.738	0.806	0.803	0.861	0.853	0.709	0.757	0.788	0.775	0.630	0.593	0.717	0.697	0.768	0.882	0.735	0.795	0.785	0.774	0.781	0.640	0.557	0.552	0.687	0.705	0.747	0.695	0.784	0.826	0.806	0.770	0.758	0.786	0.692	0.637	0.710	0.742	0.779	0.725	0.822	0.921	0.812	0.761	0.759	0.818	0.806	0.830	0.805	0.845	0.763	0.764	0.783	0.896	0.825	0.878	0.786	0.864
11:50:07	0.589	0.584	0.658	0.744	0.857	0.854	0.785	0.698	0.859	0.679	0.705	0.719	0.633	0.567	0.619	0.770	0.775	0.778	0.843	0.701	0.725	0.778	0.717	0.759	0.520	0.602	0.614	0.766	0.787	0.754	0.747	0.749	1.019	0.769	0.756	0.721	0.698	0.582	0.778	0.749	0.815	0.816	0.887	0.870	0.717	0.766	0.801	0.780	0.651	0.615	0.731	0.708	0.782	0.890	0.748	0.808	0.796	0.785	0.795	0.653	0.565	0.561	0.695	0.708	0.758	0.700	0.799	0.839	0.825	0.783	0.766	0.804	0.703	0.651	0.727	0.750	0.785	0.739	0.838	0.930	0.818	0.771	0.765	0.837	0.811	0.857	0.812	0.856	0.769	0.774	0.794	0.918	0.832	0.889	0.804	0.878
12:00:07	0.608	0.599	0.673	0.761	0.876	0.870	0.800	0.709	0.876	0.683	0.712	0.724	0.645	0.582	0.626	0.788	0.788	0.791	0.843	0.707	0.738	0.791	0.725	0.770	0.524	0.611	0.622	0.780	0.802	0.758	0.757	0.755	1.020	0.784	0.763	0.729	0.710	0.591	0.788	0.757	0.823	0.828	0.913	0.883	0.729	0.773	0.811	0.786	0.672	0.637	0.744	0.717	0.796	0.897	0.762	0.822	0.807	0.795	0.809	0.666	0.574	0.571	0.705	0.711	0.771	0.705	0.814	0.854	0.846	0.798	0.775	0.819	0.714	0.667	0.740	0.756	0.790	0.755	0.852	0.938	0.824	0.782	0.770	0.853	0.816	0.885	0.818	0.866	0.774	0.785	0.796	0.928	0.837	0.898	0.821	0.890
12:10:07	0.628	0.617	0.688	0.775	0.896	0.886	0.815	0.720	0.894	0.689	0.719	0.728	0.656	0.597	0.634	0.805	0.801	0.807	0.840	0.714	0.749	0.803	0.731	0.778	0.530	0.620	0.630	0.793	0.819	0.764	0.766	0.757	1.029	0.796	0.771	0.737	0.720	0.600	0.798	0.768	0.830	0.835	0.940	0.893	0.739	0.782	0.823	0.791	0.689	0.658	0.756	0.727	0.806	0.904	0.776	0.833	0.816	0.804	0.822	0.678	0.583	0.584	0.715	0.712	0.782	0.710	0.827	0.867	0.867	0.812	0.780	0.829	0.723	0.684	0.754	0.762	0.796	0.769	0.863	0.946	0.830	0.792	0.774	0.865	0.822	0.911	0.826	0.876	0.780	0.797	0.809	0.940	0.844	0.906	0.837	0.900
12:20:07	0.646	0.633	0.703	0.791	0.913	0.902	0.830	0.734	0.912	0.694	0.728	0.733	0.668	0.612	0.640	0.820	0.815	0.825	0.842	0.722	0.760	0.812	0.735	0.787	0.536	0.629	0.639	0.806	0.833	0.769	0.776	0.763	1.042	0.811	0.780	0.744	0.730	0.608	0.806	0.780	0.836	0.842	0.965	0.903	0.750	0.791	0.835	0.796	0.708	0.677	0.767	0.739	0.816	0.909	0.791	0.846	0.825	0.813	0.836	0.692	0.591	0.596	0.724	0.715	0.793	0.716	0.840	0.879	0.890	0.828	0.787	0.840	0.731	0.698	0.768	0.770	0.799	0.783	0.871	0.951	0.834	0.801	0.777	0.878	0.827	0.939	0.832	0.886	0.785	0.806	0.811	0.943	0.851	0.915	0.853	0.907
12:30:07	0.664	0.648	0.719	0.805	0.929	0.916	0.845	0.747	0.924	0.693	0.733	0.731	0.679	0.626	0.647	0.833	0.825	0.842	0.844	0.726	0.766	0.818	0.738	0.791	0.543	0.640	0.648	0.817	0.842	0.771	0.782	0.767	1.055	0.824	0.785	0.749	0.738	0.617	0.813	0.791	0.843	0.847	0.985	0.909	0.757	0.800	0.846	0.801	0.726	0.694	0.778	0.749	0.823	0.914	0.806	0.854	0.832	0.821	0.848	0.703	0.599	0.608	0.733	0.717	0.802	0.721	0.853	0.888	0.911	0.841	0.792	0.846	0.737	0.715	0.782	0.773	0.798	0.788	0.879	0.957	0.837	0.808	0.785	0.889	0.834	0.964	0.837	0.894	0.787	0.813	0.822	0.945	0.856	0.920	0.868	0.914
12:40:07	0.680	0.665	0.734	0.819	0.943	0.931	0.861	0.761	0.941	0.698	0.741	0.730	0.690	0.642	0.653	0.847	0.837	0.863	0.844	0.733	0.776	0.829	0.739	0.799	0.550	0.649	0.658	0.826	0.852	0.777	0.791	0.773	1.073	0.838	0.793	0.756	0.746	0.626	0.820	0.801	0.850	0.852	1.008	0.918	0.768	0.809	0.860	0.808	0.744	0.709	0.787	0.759	0.830	0.921	0.823	0.864	0.841	0.830	0.864	0.715	0.608	0.621	0.743	0.722	0.812	0.726	0.866	0.896	0.933	0.858	0.799	0.856	0.743	0.732	0.794	0.781	0.802	0.799	0.888	0.962	0.844	0.812	0.790	0.899	0.839	0.992	0.844	0.903	0.792	0.820	0.823	0.949	0.863	0.925	0.884	0.922
12:50:07	0.697	0.677	0.750	0.832	0.958	0.945	0.877	0.776	0.956	0.706	0.751	0.732	0.701	0.657	0.660	0.860	0.847	0.885	0.844	0.741	0.786	0.838	0.747	0.806	0.557	0.660	0.667	0.833	0.860	0.784	0.799	0.780	1.091	0.851	0.805	0.764	0.755	0.635	0.828	0.811	0.856	0.858	1.029	0.928	0.778	0.815	0.872	0.816	0.762	0.723	0.794	0.768	0.835	0.929	0.841	0.875	0.849	0.840	0.880	0.726	0.617	0.634	0.752	0.728	0.823	0.732	0.879	0.908	0.957	0.877	0.805	0.865	0.750	0.749	0.807	0.788	0.807	0.807	0.894	0.966	0.847	0.815	0.797	0.907	0.845	1.022	0.849	0.908	0.795	0.826	0.835	0.951	0.872	0.928	0.898	0.929
13:00:07	0.713	0.688	0.763	0.845	0.972	0.956	0.892	0.791	0.967	0.713	0.760	0.735	0.711	0.670	0.666	0.872	0.856	0.909	0.843	0.747	0.793	0.846	0.755	0.814	0.563	0.672	0.675	0.839	0.868	0.787	0.806	0.786	1.112	0.862	0.812	0.772	0.763	0.643	0.834	0.820	0.859	0.863	1.049	0.936	0.786	0.820	0.883	0.823	0.781	0.735	0.800	0.774	0.839	0.937	0.858	0.885	0.859	0.848	0.897	0.737	0.626	0.648	0.760	0.734	0.832	0.738	0.891	0.919	0.981	0.894	0.813	0.874	0.756	0.763	0.818	0.792	0.811	0.814	0.901	0.971	0.852	0.817	0.803	0.919	0.851	1.050	0.855	0.914	0.797	0.831	0.836	0.954	0.880	0.930	0.912	0.937
13:10:07	0.729	0.700	0.777	0.860	0.985	0.968	0.908	0.806	0.978	0.724	0.770	0.740	0.721	0.684	0.673	0.885	0.866	0.930	0.843	0.754	0.799	0.854	0.764	0.821	0.569	0.687	0.684	0.844	0.877	0.793	0.811	0.792	1.132	0.871	0.823	0.779	0.771	0.654	0.841	0.830	0.862	0.869	1.070	0.944	0.792	0.827	0.895	0.831	0.799	0.747	0.805	0.780	0.842	0.944	0.876	0.894	0.869	0.857	0.916	0.747	0.634	0.662	0.769	0.738	0.842	0.744	0.902	0.931	1.006	0.915	0.821	0.881	0.764	0.779	0.828	0.797	0.816	0.820	0.907	0.975	0.856	0.818	0.810	0.932	0.857	1.080	0.861	0.920	0.802	0.836	0.846	0.958	0.889	0.932	0.925	0.944
13:20:07	0.745	0.710	0.788	0.870	0.996	0.979	0.921	0.820	0.987	0.732	0.776	0.741	0.730	0.698	0.680	0.898	0.875	0.952	0.843	0.760	0.803	0.862	0.770	0.826	0.572	0.699	0.692	0.848	0.881	0.793	0.816	0.796	1.151	0.880	0.833	0.787	0.778	0.663	0.847	0.838	0.865	0.873	1.092	0.949	0.796	0.834	0.907	0.839	0.819	0.758	0.811	0.784	0.844	0.949	0.892	0.902	0.876	0.865	0.935	0.756	0.644	0.674	0.776	0.744	0.849	0.749	0.912	0.944	1.031	0.935	0.827	0.887	0.770	0.795	0.839	0.801	0.820	0.826	0.914	0.978	0.859	0.818	0.816	0.946	0.861	1.110	0.867	0.926	0.805	0.840	0.847	0.960	0.896	0.934	0.937	0.950
13:30:07	0.762	0.719	0.801	0.879	1.006	0.990	0.934	0.834	0.996	0.740	0.781	0.746	0.739	0.710	0.685	0.910	0.882	0.974	0.841	0.765	0.808	0.868	0.775	0.830	0.573	0.713	0.700	0.852	0.887	0.794	0.821	0.800	1.172	0.888	0.842	0.793	0.785	0.672	0.853	0.844	0.867	0.878	1.112	0.955	0.801	0.843	0.919	0.849	0.837	0.767	0.814	0.787	0.846	0.954	0.908	0.911	0.884	0.872	0.956	0.765	0.651	0.686	0.781	0.750	0.857	0.756	0.921	0.954	1.055	0.957	0.834	0.894	0.777	0.811	0.850	0.806	0.825	0.830	0.919	0.978	0.862	0.818	0.824	0.958	0.865	1.140	0.870	0.932	0.809	0.843	0.857	0.964	0.906	0.934	0.950	0.957
13:40:07	0.780	0.728	0.812	0.890	1.018	1.002	0.947	0.845	1.006	0.747	0.788	0.750	0.748	0.722	0.691	0.921	0.891	1.000	0.841	0.771	0.812	0.876	0.781	0.839	0.574	0.728	0.708	0.856	0.892	0.795	0.824	0.806	1.192	0.895	0.852	0.801	0.792	0.682	0.859	0.853	0.868	0.882	1.132	0.962	0.805	0.851	0.930	0.861	0.856	0.777	0.818	0.791	0.846	0.961	0.926	0.920	0.892	0.880	0.978	0.776	0.660	0.698	0.786	0.754	0.864	0.762	0.931	0.967	1.081	0.979	0.840	0.902	0.783	0.825	0.859	0.809	0.830	0.834	0.925	0.981	0.863	0.816	0.831	0.977	0.870	1.170	0.873	0.937	0.812	0.842	0.857	0.966	0.913	0.934	0.963	0.965
13:50:07	0.800	0.738	0.823	0.899	1.029	1.015	0.961	0.856	1.017	0.753	0.792	0.754	0.758	0.735	0.696	0.932	0.898	1.023	0.840	0.774	0.814	0.884	0.784	0.845	0.575	0.744	0.715	0.860	0.898	0.796	0.826	0.810	1.213	0.904	0.861	0.807	0.800	0.693	0.864	0.859	0.869	0.888	1.155	0.970	0.809	0.859	0.943	0.871	0.877	0.786	0.821	0.794	0.847	0.969	0.942	0.929	0.900	0.887	1.001	0.787	0.669	0.710	0.790	0.758	0.872	0.769	0.942	0.980	1.106	1.006	0.847	0.910	0.789	0.840	0.870	0.813	0.836	0.839	0.932	0.985	0.867	0.816	0.838	0.993	0.874	1.199	0.875	0.940	0.816	0.842	0.867	0.968	0.925	0.935	0.976	0.973
14:00:07	0.821	0.746	0.834	0.908	1.039	1.029	0.974	0.869	1.028	0.759	0.798	0.757	0.769	0.747	0.701	0.943	0.905	1.053	0.840	0.776	0.816	0.891	0.788	0.851	0.577	0.761	0.723	0.861	0.903	0.794	0.827	0.813	1.232	0.913	0.870	0.817	0.808	0.704	0.870	0.868	0.871	0.893	1.177	0.976	0.814	0.869	0.954	0.885	0.896	0.796	0.824	0.796	0.847	0.978	0.958	0.934	0.907	0.897	1.025	0.802	0.677	0.721	0.793	0.763	0.878	0.773	0.951	0.994	1.134	1.027	0.854	0.918	0.796	0.856	0.879	0.817	0.840	0.841	0.932	0.988	0.866	0.815	0.847	1.006	0.878	1.226	0.877	0.944	0.818	0.841	0.867	0.971	0.936	0.934	0.990	0.982
14:10:07	0.843	0.756	0.845	0.918	1.051	1.044	0.987	0.878	1.041	0.763	0.802	0.760	0.779	0.759	0.704	0.954	0.914	1.082	0.836	0.779	0.817	0.898	0.791	0.856	0.578	0.780	0.729	0.863	0.908	0.795	0.828	0.818	1.252	0.919	0.878	0.826	0.815	0.714	0.876	0.873	0.873	0.898	1.200	0.985	0.817	0.876	0.965	0.897	0.918	0.806	0.827	0.798	0.846	0.987	0.976	0.944	0.917	0.905	1.050	0.814	0.687	0.732	0.796	0.767	0.885	0.780	0.962	1.009	1.159	1.054	0.860	0.927	0.803	0.873	0.892	0.821	0.847	0.845	0.937	0.993	0.870	0.816	0.854	1.019	0.883	1.253	0.880	0.948	0.821	0.842	0.877	0.970	0.950	0.934	1.003	0.992
14:20:07	0.867	0.764	0.854	0.926	1.063	1.059	1.001	0.890	1.052	0.769	0.805	0.764	0.788	0.771	0.707	0.964	0.921	1.111	0.832	0.781	0.820	0.907	0.795	0.864	0.579	0.799	0.735	0.864	0.912	0.796	0.828	0.821	1.271	0.930	0.888	0.837	0.824	0.726	0.882	0.880	0.875	0.902	1.222	0.993	0.821	0.885	0.976	0.913	0.938	0.816	0.829	0.800	0.847	0.996	0.994	0.953	0.924	0.914	1.078	0.829	0.697	0.744	0.799	0.770	0.892	0.788	0.971	1.025	1.187	1.081	0.867	0.938	0.811	0.890	0.902	0.825	0.852	0.849	0.942	0.997	0.873	0.817	0.865	1.034	0.886	1.279	0.883	0.953	0.825	0.842	0.877	0.971	0.964	0.935	1.018	1.003
14:30:07	0.890	0.776	0.866	0.936	1.073	1.077	1.014	0.898	1.067	0.774	0.807	0.766	0.799	0.784	0.709	0.975	0.928	1.143	0.828	0.783	0.820	0.912	0.795	0.867	0.580	0.819	0.742	0.865	0.918	0.798	0.830	0.822	1.291	0.940	0.900	0.846	0.833	0.739	0.889	0.885	0.877	0.905	1.239	1.002	0.824	0.892	0.988	0.928	0.958	0.827	0.831	0.803	0.847	1.006	1.011	0.964	0.934	0.925	1.108	0.843	0.708	0.756	0.802	0.774	0.897	0.795	0.982	1.041	1.216	1.107	0.874	0.943	0.819	0.908	0.914	0.826	0.854	0.851	0.948	1.001	0.877	0.816	0.877	1.050	0.891	1.305	0.886	0.956	0.828	0.842	0.884	0.972	0.979	0.934	1.031	1.014
14:40:07	0.908	0.788	0.877	0.944	1.085	1.096	1.028	0.906	1.083	0.777	0.808	0.767	0.811	0.797	0.712	0.986	0.935	1.176	0.819	0.782	0.820	0.918	0.796	0.873	0.581	0.843	0.748	0.864	0.923	0.799	0.832	0.824	1.310	0.950	0.910	0.857	0.843	0.751	0.896	0.891	0.879	0.907	1.257	1.009	0.826	0.897	0.999	0.943	0.979	0.838	0.834	0.804	0.847	1.015	1.027	0.972	0.945	0.933	1.136	0.857	0.719	0.768	0.804	0.778	0.904	0.803	0.994	1.057	1.238	1.138	0.880	0.951	0.828	0.929	0.929	0.829	0.856	0.853	0.949	1.003	0.880	0.815	0.890	1.067	0.896	1.328	0.888	0.959	0.825	0.841	0.881	0.974	0.995	0.934	1.045	1.026
14:50:07	0.940	0.800	0.888	0.953	1.099	1.118	1.042	0.913	1.098	0.782	0.809	0.769	0.820	0.810	0.714	0.997	0.943	1.213	0.819	0.781	0.821	0.926	0.797	0.882	0.582	0.864	0.754	0.867	0.930	0.800	0.834	0.825	1.327	0.957	0.921	0.872	0.854	0.764	0.903	0.896	0.881	0.911	1.277	1.017	0.830	0.905	1.012	0.960	0.999	0.848	0.835	0.805	0.847	1.028	1.045	0.983	0.955	0.944	1.164	0.874	0.731	0.781	0.806	0.781	0.911	0.812	1.007	1.075	1.264	1.163	0.888	0.959	0.836	0.948	0.940	0.830	0.857	0.856	0.956	1.009	0.885	0.813	0.903	1.083	0.900	1.350	0.890	0.963	0.825	0.841	0.887	0.975	1.012	0.931	1.059	1.038
15:00:07	0.964	0.811	0.900	0.962	1.112	1.139	1.055	0.921	1.115	0.787	0.813	0.773	0.831	0.825	0.717	1.010	0.952	1.248	0.831	0.784	0.823	0.936	0.800	0.894	0.583	0.888	0.760	0.868	0.937	0.801	0.835	0.825	1.344	0.968	0.935	0.885	0.865	0.778	0.911	0.903	0.884	0.915	1.299	1.027	0.832	0.915	1.027	0.979	1.017	0.859	0.837	0.806	0.847	1.041	1.066	0.993	0.968	0.954	1.189	0.893	0.742	0.794	0.808	0.785	0.918	0.819	1.019	1.095	1.289	1.188	0.898	0.971	0.845	0.969	0.954	0.832	0.859	0.859	0.963	1.016	0.888	0.811	0.919	1.099	0.905	1.374	0.892	0.967	0.826	0.841	0.882	0.976	1.032	0.931	1.074	1.052
15:10:07	0.992	0.826	0.912	0.972	1.124	1.166	1.069	0.925	1.131	0.789	0.811	0.770	0.841	0.840	0.719	1.022	0.960	1.283	0.831	0.784	0.821	0.942	0.800	0.903	0.584	0.912	0.763	0.868	0.944	0.802	0.835	0.824	1.362	0.976	0.947	0.900	0.878	0.792	0.919	0.909	0.887	0.918	1.313	1.036	0.833	0.923	1.040	0.996	1.033	0.871	0.838	0.807	0.847	1.053	1.085	1.003	0.980	0.965	1.216	0.910	0.756	0.807	0.810	0.789	0.925	0.829	1.032	1.111	1.312	1.216	0.907	0.982	0.854	0.990	0.968	0.832	0.857	0.859	0.968	1.022	0.889	0.812	0.934	1.111	0.911	1.394	0.894	0.970	0.826	0.839	0.888	0.976	1.050	0.933	1.089	1.065
15:20:07	1.016	0.840	0.924	0.982	1.138	1.193	1.083	0.934	1.146	0.794	0.813	0.773	0.852	0.855	0.721	1.035	0.969	1.313	0.831	0.784	0.820	0.952	0.801	0.915	0.585	0.934	0.765	0.868	0.951	0.799	0.836	0.825	1.378	0.984	0.960	0.916	0.892	0.808	0.927	0.915	0.888	0.921	1.329	1.045	0.833	0.932	1.055	1.013	1.050	0.883	0.840	0.807	0.847	1.066	1.105	1.013	0.993	0.976	1.244	0.931	0.771	0.821	0.811	0.793	0.931	0.839	1.046	1.133	1.335	1.244	0.917	0.994	0.864	1.010	0.982	0.832	0.859	0.860	0.975	1.030	0.891	0.813	0.951	1.123	0.917	1.415	0.896	0.975	0.828	0.837	0.885	0.979	1.074	0.931	1.105	1.078
15:30:07	1.040	0.856	0.939	0.994	1.151	1.219	1.098	0.939	1.162	0.798	0.814	0.774	0.864	0.870	0.723	1.048	0.979	1.346	0.835	0.781	0.818	0.959	0.801	0.928	0.585	0.957	0.767	0.865	0.957	0.798	0.837	0.825	1.393	0.994	0.975	0.932	0.908	0.824	0.935	0.919	0.890	0.923	1.344	1.054	0.832	0.942	1.072	1.031	1.066	0.896	0.840	0.806	0.847	1.078	1.126	1.024	1.006	0.986	1.269	0.949	0.786	0.836	0.813	0.794	0.939	0.850	1.061	1.154	1.357	1.267	0.922	1.004	0.875	1.030	0.997	0.832	0.860	0.858	0.983	1.037	0.894	0.812	0.965	1.134	0.923	1.433	0.896	0.979	0.827	0.833	0.887	0.978	1.096	0.927	1.120	1.092
15:40:07	1.062	0.873	0.955	1.005	1.166	1.247	1.114	0.947	1.176	0.800	0.816	0.776	0.875	0.886	0.725	1.062	0.987	1.371	0.836	0.778	0.817	0.970	0.800	0.941	0.585	0.978	0.769	0.864	0.965	0.799	0.837	0.823	1.408	1.004	0.987	0.949	0.924	0.840	0.945	0.924	0.892	0.927	1.360	1.064	0.833	0.950	1.089	1.048	1.083	0.909	0.841	0.806	0.846	1.093	1.148	1.035	1.019	0.998	1.292	0.970	0.802	0.850	0.813	0.797	0.946	0.858	1.074	1.175	1.377	1.288	0.934	1.019	0.885	1.050	1.011	0.830	0.858	0.860	0.985	1.046	0.896	0.813	0.985	1.146	0.931	1.452	0.898	0.986	0.828	0.831	0.883	0.980	1.117	0.927	1.135	1.108
15:50:07	1.085	0.891	0.971	1.018	1.182	1.275	1.135	0.955	1.196	0.803	0.818	0.777	0.888	0.901	0.727	1.076	0.997	1.397	0.836	0.778	0.816	0.978	0.800	0.951	0.586	0.997	0.771	0.865	0.973	0.798	0.839	0.823	1.422	1.014	1.003	0.968	0.942	0.858	0.955	0.932	0.895	0.929	1.374	1.073	0.834	0.958	1.107	1.065	1.101	0.922	0.842	0.805	0.846	1.108	1.168	1.046	1.033	1.011	1.315	0.991	0.819	0.865	0.814	0.801	0.954	0.870	1.089	1.197	1.399	1.308	0.944	1.034	0.895	1.071	1.026	0.832	0.858	0.861	0.993	1.054	0.901	0.813	1.003	1.157	0.939	1.469	0.899	0.991	0.829	0.831	0.887	0.979	1.138	0.927	1.150	1.123
16:00:07	1.108	0.908	0.991	1.032	1.194	1.302	1.153	0.963	1.213	0.807	0.820	0.779	0.901	0.918	0.729	1.092	1.008	1.417	0.837	0.779	0.817	0.989	0.800	0.969	0.587	1.016	0.772	0.865	0.981	0.798	0.840	0.823	1.436	1.026	1.020	0.987	0.960	0.875	0.964	0.939	0.898	0.930	1.389	1.085	0.835	0.969	1.124	1.084	1.116	0.937	0.843	0.806	0.846	1.123	1.187	1.056	1.048	1.025	1.338	1.010	0.837	0.881	0.816	0.805	0.961	0.883	1.106	1.221	1.415	1.332	0.955	1.050	0.906	1.091	1.042	0.831	0.859	0.863	1.003	1.062	0.907	0.815	1.022	1.169	0.947	1.485	0.900	0.993	0.830	0.830	0.884	0.976	1.159	0.926	1.164	1.136
16:10:07	1.131	0.926	0.999	1.048	1.205	1.329	1.170	0.970	1.231	0.810	0.821	0.782	0.915	0.935	0.731	1.109	1.021	1.434	0.838	0.779	0.817	0.997	0.802	0.986	0.587	1.035	0.773	0.866	0.989	0.797	0.842	0.824	1.450	1.033	1.037	1.006	0.977	0.892	0.974	0.945	0.901	0.932	1.402	1.094	0.836	0.978	1.139	1.103	1.132	0.953	0.844	0.806	0.845	1.140	1.204	1.068	1.063	1.041	1.361	1.030	0.855	0.899	0.818	0.809	0.971	0.894	1.122	1.242	1.435	1.349	0.967	1.065	0.917	1.113	1.056	0.833	0.860	0.865	1.010	1.069	0.912	0.814	1.039	1.178	0.956	1.498	0.901	1.000	0.831	0.830	0.888	0.975	1.180	0.925	1.178	1.151
16:20:07	1.154	0.944	1.018	1.065	1.207	1.353	1.188	0.979	1.253	0.812	0.821	0.786	0.930	0.950	0.733	1.124	1.031	1.456	0.842	0.779	0.818	1.010	0.802	1.005	0.588	1.052	0.774	0.867	0.995	0.797	0.838	0.824	1.463	1.045	1.052	1.025	0.996	0.911	0.986	0.953	0.903	0.936	1.415	1.103	0.836	0.989	1.154	1.121	1.149	0.969	0.846	0.806	0.846	1.157	1.223	1.081	1.074	1.054	1.385	1.053	0.873	0.916	0.818	0.812	0.979	0.906	1.137	1.260	1.450	1.368	0.979	1.082	0.928	1.135	1.071	0.832	0.860	0.867	1.016	1.079	0.917	0.815	1.058	1.190	0.965	1.511	0.901	1.006	0.833	0.830	0.885	0.974	1.202	0.926	1.191	1.167
16:30:07	1.180	0.963	1.036	1.083	1.208	1.376	1.205	0.989	1.273	0.815	0.818	0.785	0.945	0.967	0.735	1.140	1.043	1.472	0.839	0.778	0.817	1.020	0.801	1.023	0.589	1.068	0.775	0.865	1.003	0.796	0.839	0.819	1.474	1.054	1.068	1.042	1.014	0.929	0.997	0.961	0.905	0.939	1.427	1.114	0.835	0.997	1.168	1.142	1.165	0.986	0.847	0.805	0.843	1.172	1.241	1.091	1.090	1.068	1.402	1.074	0.890	0.937	0.819	0.815	0.988	0.920	1.153	1.282	1.468	1.385	0.993	1.099	0.937	1.158	1.087	0.828	0.861	0.867	1.025	1.089	0.920	0.814	1.077	1.201	0.975	1.524	0.900	1.012	0.832	0.828	0.887	0.969	1.222	0.924	1.206	1.181
16:40:07	1.202	0.981	1.053	1.103	1.210	1.399	1.221	0.999	1.292	0.817	0.818	0.786	0.959	0.983	0.737	1.157	1.055	1.490	0.844	0.780	0.816	1.031	0.803	1.044	0.589	1.085	0.777	0.865	1.013	0.793	0.840	0.818	1.486	1.064	1.084	1.060	1.033	0.948	1.010	0.969	0.906	0.943	1.441	1.123	0.834	1.007	1.183	1.163	1.180	1.001	0.848	0.805	0.844	1.193	1.261	1.101	1.105	1.081	1.422	1.096	0.907	0.953	0.819	0.818	0.995	0.933	1.166	1.298	1.486	1.404	1.006	1.116	0.947	1.181	1.102	0.826	0.862	0.869	1.029	1.098	0.923	0.812	1.094	1.214	0.985	1.535	0.901	1.018	0.832	0.827	0.883	0.966	1.245	0.924	1.219	1.197
16:50:07	1.223	0.999	1.071	1.123	1.212	1.420	1.235	1.010	1.312	0.818	0.818	0.790	0.974	1.000	0.740	1.175	1.069	1.508	0.848	0.780	0.817	1.042	0.805	1.067	0.591	1.101	0.778	0.866	1.023	0.795	0.841	0.818	1.500	1.076	1.104	1.078	1.051	0.966	1.022	0.979	0.909	0.947	1.456	1.134	0.835	1.016	1.197	1.183	1.195	1.017	0.850	0.805	0.845	1.215	1.282	1.113	1.120	1.094	1.441	1.118	0.924	0.969	0.821	0.821	1.006	0.950	1.183	1.317	1.500	1.424	1.020	1.136	0.957	1.206	1.118	0.828	0.863	0.871	1.039	1.108	0.923	0.813	1.115	1.224	0.995	1.547	0.903	1.024	0.833	0.827	0.887	0.965	1.266	0.924	1.234	1.213
17:00:07	1.243	1.020	1.089	1.144	1.213	1.440	1.247	1.019	1.333	0.819	0.818	0.791	0.989	1.015	0.742	1.191	1.081	1.522	0.851	0.781	0.814	1.053	0.803	1.087	0.590	1.119	0.779	0.864	1.032	0.794	0.841	0.817	1.510	1.083	1.121	1.094	1.069	0.985	1.035	0.987	0.910	0.948	1.470	1.144	0.836	1.027	1.211	1.201	1.209	1.032	0.850	0.804	0.844	1.235	1.301	1.124	1.133	1.108	1.458	1.137	0.941	0.985	0.820	0.823	1.017	0.962	1.199	1.333	1.515	1.437	1.031	1.151	0.968	1.233	1.136	0.825	0.865	0.873	1.047	1.118	0.930	0.812	1.133	1.234	1.005	1.557	0.902	1.029	0.832	0.827	0.882	0.963	1.293	0.923	1.247	1.229
17:10:07	1.261	1.040	1.106	1.166	1.215	1.460	1.266	1.029	1.357	0.820	0.819	0.794	1.005	1.031	0.744	1.209	1.094	1.534	0.856	0.782	0.815	1.066	0.803	1.110	0.590	1.134	0.781	0.864	1.043	0.794	0.841	0.816	1.522	1.096	1.140	1.109	1.088	1.004	1.049	0.997	0.911	0.953	1.486	1.152	0.836	1.037	1.229	1.224	1.222	1.048	0.851	0.804	0.845	1.258	1.322	1.136	1.146	1.122	1.475	1.158	0.957	1.000	0.822	0.824	1.027	0.977	1.214	1.350	1.529	1.453	1.042	1.169	0.980	1.261	1.152	0.827	0.866	0.875	1.057	1.130	0.935	0.812	1.154	1.246	1.016	1.568	0.903	1.034	0.833	0.827	0.885	0.962	1.315	0.920	1.261	1.247
17:20:07	1.281	1.059	1.123	1.188	1.216	1.478	1.292	1.040	1.396	0.823	0.821	0.796	1.021	1.047	0.746	1.225	1.105	1.547	0.860	0.782	0.815	1.078	0.805	1.133	0.591	1.149	0.781	0.865	1.053	0.794	0.842	0.814	1.534	1.109	1.156	1.127	1.107	1.023	1.062	1.007	0.913	0.958	1.498	1.162	0.836	1.049	1.248	1.244	1.235	1.063	0.853	0.804	0.846	1.283	1.343	1.149	1.162	1.136	1.490	1.178	0.972	1.016	0.824	0.827	1.040	0.990	1.225	1.368	1.545	1.469	1.055	1.189	0.990	1.289	1.167	0.825	0.866	0.878	1.066	1.142	0.940	0.812	1.176	1.258	1.027	1.578	0.903	1.039	0.832	0.825	0.881	0.962	1.337	0.918	1.273	1.265
17:30:07	1.297	1.080	1.141	1.208	1.217	1.495	1.322	1.050	1.424	0.822	0.821	0.798	1.038	1.065	0.748	1.241	1.117	1.555	0.862	0.782	0.814	1.088	0.803	1.155	0.592	1.164	0.782	0.864	1.059	0.793	0.841	0.813	1.544	1.120	1.175	1.144	1.124	1.043	1.075	1.018	0.913	0.960	1.512	1.171	0.836	1.059	1.262	1.263	1.245	1.079	0.853	0.804	0.846	1.306	1.363	1.157	1.174	1.147	1.504	1.196	0.988	1.032	0.823	0.828	1.050	1.004	1.241	1.381	1.553	1.481	1.065	1.204	1.000	1.316	1.184	0.825	0.863	0.877	1.074	1.150	0.946	0.809	1.191	1.270	1.038	1.587	0.899	1.042	0.831	0.825	0.884	0.961	1.361	0.917	1.288	1.276
17:40:07	1.310	1.099	1.155	1.228	1.218	1.512	1.343	1.061	1.448	0.823	0.821	0.800	1.055	1.084	0.749	1.258	1.131	1.563	0.868	0.782	0.816	1.100	0.802	1.177	0.591	1.176	0.783	0.864	1.069	0.792	0.842	0.813	1.555	1.135	1.192	1.162	1.142	1.061	1.089	1.030	0.914	0.964	1.526	1.180	0.835	1.070	1.282	1.283	1.261	1.094	0.853	0.804	0.847	1.329	1.401	1.170	1.187	1.161	1.518	1.215	1.004	1.048	0.824	0.830	1.062	1.018	1.256	1.399	1.565	1.494	1.079	1.219	1.011	1.342	1.199	0.823	0.865	0.879	1.084	1.161	0.951	0.810	1.212	1.282	1.049	1.595	0.899	1.046	0.831	0.825	0.880	0.960	1.386	0.916	1.300	1.295
17:50:07	1.325	1.121	1.171	1.249	1.220	1.529	1.364	1.073	1.466	0.823	0.821	0.800	1.075	1.101	0.751	1.274	1.143	1.573	0.872	0.780	0.816	1.110	0.802	1.199	0.593	1.189	0.784	0.864	1.079	0.791	0.842	0.812	1.566	1.149	1.212	1.178	1.159	1.082	1.100	1.041	0.915	0.963	1.540	1.188	0.836	1.080	1.302	1.306	1.272	1.108	0.854	0.804	0.848	1.353	1.419	1.181	1.204	1.175	1.532	1.231	1.022	1.063	0.826	0.832	1.073	1.033	1.274	1.415	1.576	1.509	1.091	1.235	1.023	1.366	1.218	0.824	0.862	0.881	1.091	1.172	0.956	0.811	1.231	1.295	1.061	1.604	0.899	1.049	0.830	0.824	0.884	0.959	1.415	0.915	1.314	1.315
18:00:07	1.336	1.139	1.187	1.270	1.221	1.541	1.386	1.084	1.486	0.822	0.821	0.802	1.097	1.120	0.753	1.289	1.156	1.579	0.875	0.782	0.816	1.122	0.799	1.218	0.593	1.203	0.785	0.864	1.088	0.790	0.843	0.811	1.576	1.165	1.232	1.200	1.175	1.102	1.114	1.051	0.915	0.966	1.550	1.197	0.836	1.090	1.321	1.331	1.279	1.123	0.855	0.803	0.850	1.379	1.442	1.194	1.218	1.189	1.543	1.249	1.035	1.078	0.826	0.833	1.083	1.047	1.290	1.435	1.586	1.520	1.103	1.254	1.035	1.390	1.234	0.822	0.865	0.884	1.102	1.182	0.961	0.811	1.250	1.309	1.073	1.611	0.899	1.052	0.829	0.820	0.878	0.959	1.437	0.911	1.329	1.332
18:10:07	1.349	1.157	1.201	1.291	1.222	1.555	1.408	1.096	1.509	0.823	0.823	0.803	1.115	1.138	0.755	1.305	1.171	1.589	0.881	0.782	0.819	1.134	0.799	1.242	0.592	1.215	0.786	0.862	1.097	0.791	0.845	0.811	1.587	1.182	1.250	1.225	1.192	1.122	1.127	1.063	0.917	0.969	1.561	1.209	0.838	1.102	1.340	1.355	1.298	1.138	0.856	0.803	0.851	1.400	1.461	1.206	1.233	1.205	1.556	1.267	1.049	1.093	0.828	0.836	1.095	1.061	1.306	1.488	1.596	1.535	1.119	1.272	1.049	1.414	1.250	0.824	0.866	0.886	1.110	1.194	0.962	0.812	1.266	1.321	1.085	1.619	0.899	1.057	0.830	0.821	0.881	0.959	1.464	0.910	1.344	1.349
18:20:07	1.361	1.174	1.215	1.313	1.223	1.567	1.430	1.109	1.527	0.825	0.823	0.805	1.133	1.155	0.757	1.318	1.184	1.593	0.884	0.777	0.819	1.146	0.798	1.263	0.593	1.228	0.787	0.862	1.107	0.789	0.845	0.811	1.598	1.199	1.268	1.253	1.208	1.142	1.139	1.073	0.916	0.972	1.574	1.220	0.837	1.113	1.359	1.371	1.318	1.153	0.856	0.802	0.847	1.419	1.480	1.218	1.247	1.219	1.568	1.282	1.062	1.107	0.826	0.836	1.106	1.074	1.323	1.499	1.606	1.551	1.130	1.287	1.061	1.434	1.265	0.822	0.867	0.887	1.118	1.206	0.962	0.814	1.286	1.334	1.098	1.627	0.899	1.060	0.828	0.822	0.878	0.959	1.484	0.909	1.359	1.366
18:30:07	1.371	1.190	1.227	1.333	1.222	1.576	1.449	1.118	1.543	0.824	0.823	0.806	1.149	1.172	0.758	1.333	1.196	1.599	0.885	0.777	0.819	1.155	0.798	1.285	0.593	1.244	0.787	0.861	1.116	0.789	0.845	0.810	1.605	1.217	1.277	1.277	1.223	1.161	1.151	1.083	0.916	0.975	1.586	1.230	0.836	1.121	1.377	1.387	1.340	1.167	0.856	0.801	0.847	1.436	1.496	1.229	1.262	1.232	1.581	1.299	1.075	1.120	0.827	0.834	1.116	1.082	1.337	1.512	1.613	1.563	1.145	1.298	1.075	1.452	1.279	0.822	0.866	0.890	1.127	1.218	0.960	0.811	1.304	1.348	1.112	1.633	0.898	1.062	0.829	0.821	0.877	0.959	1.502	0.909	1.375	1.382
18:40:07	1.380	1.205	1.240	1.353	1.224	1.586	1.468	1.129	1.559	0.824	0.823	0.808	1.162	1.188	0.760	1.345	1.207	1.605	0.888	0.776	0.820	1.165	0.798	1.303	0.593	1.257	0.787	0.862	1.125	0.787	0.845	0.808	1.614	1.234	1.294	1.299	1.238	1.180	1.163	1.095	0.916	0.978	1.596	1.241	0.836	1.131	1.395	1.402	1.395	1.181	0.857	0.801	0.850	1.456	1.508	1.241	1.279	1.247	1.593	1.313	1.088	1.135	0.827	0.836	1.127	1.096	1.355	1.531	1.622	1.575	1.161	1.314	1.088	1.468	1.295	0.820	0.869	0.892	1.138	1.229	0.959	0.812	1.323	1.360	1.125	1.640	0.897	1.066	0.826	0.821	0.874	0.957	1.524	0.908	1.390	1.396
18:50:07	1.392	1.219	1.253	1.373	1.224	1.597	1.487	1.141	1.573	0.824	0.822	0.809	1.175	1.205	0.761	1.357	1.222	1.611	0.892	0.776	0.820	1.175	0.796	1.324	0.592	1.272	0.788	0.862	1.135	0.783	0.843	0.808	1.623	1.250	1.311	1.320	1.251	1.199	1.176	1.107	0.916	0.981	1.601	1.253	0.837	1.141	1.414	1.415	1.395	1.193	0.856	0.800	0.849	1.474	1.521	1.253	1.294	1.264	1.606	1.328	1.101	1.146	0.827	0.838	1.138	1.109	1.369	1.547	1.631	1.587	1.173	1.326	1.102	1.484	1.308	0.818	0.869	0.893	1.145	1.240	0.958	0.812	1.341	1.374	1.139	1.646	0.897	1.071	0.826	0.821	0.876	0.956	1.548	0.908	1.404	1.413
19:00:07	1.403	1.233	1.266	1.395	1.224	1.606	1.503	1.152	1.585	0.823	0.822	0.804	1.194	1.222	0.762	1.371	1.234	1.616	0.896	0.768	0.821	1.189	0.796	1.344	0.592	1.284	0.790	0.862	1.146	0.782	0.843	0.808	1.632	1.269	1.325	1.339	1.264	1.215	1.188	1.118	0.914	0.983	1.612	1.265	0.837	1.152	1.429	1.429	1.404	1.207	0.857	0.800	0.850	1.490	1.536	1.265	1.309	1.279	1.619	1.342	1.113	1.161	0.827	0.841	1.151	1.123	1.384	1.558	1.633	1.600	1.190	1.336	1.116	1.498	1.322	0.817	0.872	0.895	1.155	1.251	0.957	0.812	1.355	1.388	1.152	1.651	0.898	1.075	0.826	0.821	0.873	0.956	1.560	0.908	1.418	1.431
19:10:07	1.412	1.246	1.279	1.415	1.225	1.615	1.515	1.164	1.597	0.824	0.822	0.805	1.209	1.237	0.764	1.383	1.248	1.621	0.899	0.768	0.821	1.197	0.796	1.364	0.592	1.296	0.790	0.863	1.156	0.781	0.842	0.807	1.639	1.285	1.342	1.354	1.275	1.233	1.200	1.130	0.912	0.984	1.621	1.276	0.837	1.162	1.450	1.440	1.409	1.220	0.857	0.799	0.853	1.502	1.546	1.278	1.324	1.289	1.630	1.354	1.125	1.176	0.828	0.843	1.163	1.136	1.399	1.569	1.646	1.612	1.206	1.348	1.131	1.511	1.335	0.818	0.871	0.894	1.166	1.263	0.956	0.812	1.370	1.405	1.167	1.657	0.897	1.079	0.826	0.820	0.876	0.954	1.571	0.908	1.434	1.447
19:20:07	1.419	1.257	1.290	1.436	1.225	1.624	1.527	1.177	1.608	0.823	0.823	0.806	1.225	1.251	0.765	1.395	1.259	1.622	0.902	0.768	0.822	1.209	0.795	1.382	0.591	1.307	0.791	0.863	1.167	0.776	0.842	0.806	1.647	1.302	1.356	1.378	1.286	1.250	1.213	1.141	0.912	0.987	1.625	1.287	0.836	1.173	1.468	1.451	1.416	1.233	0.858	0.798	0.853	1.516	1.558	1.288	1.337	1.304	1.640	1.367	1.136	1.189	0.828	0.843	1.175	1.146	1.415	1.578	1.655	1.622	1.220	1.358	1.143	1.522	1.347	0.816	0.874	0.896	1.176	1.272	0.956	0.822	1.384	1.420	1.181	1.663	0.897	1.083	0.825	0.820	0.872	0.953	1.579	0.903	1.448	1.461
19:30:07	1.429	1.269	1.304	1.455	1.225	1.631	1.538	1.184	1.619	0.823	0.820	0.807	1.236	1.264	0.767	1.408	1.275	1.623	0.903	0.764	0.822	1.221	0.795	1.395	0.591	1.320	0.792	0.864	1.175	0.775	0.843	0.805	1.656	1.320	1.371	1.393	1.298	1.268	1.225	1.153	0.912	0.988	1.631	1.299	0.836	1.181	1.483	1.465	1.424	1.245	0.859	0.798	0.855	1.530	1.568	1.297	1.348	1.319	1.651	1.380	1.148	1.202	0.828	0.846	1.185	1.159	1.427	1.585	1.676	1.634	1.233	1.368	1.163	1.533	1.360	0.816	0.876	0.896	1.186	1.283	0.954	0.829	1.398	1.430	1.195	1.668	0.898	1.086	0.825	0.820	0.874	0.954	1.589	0.902	1.462	1.476
19:40:07	1.438	1.280	1.316	1.473	1.226	1.639	1.549	1.194	1.628	0.824	0.820	0.809	1.247	1.276	0.768	1.420	1.289	1.627	0.904	0.766	0.824	1.238	0.797	1.409	0.591	1.333	0.793	0.865	1.187	0.774	0.842	0.805	1.664	1.337	1.385	1.402	1.309	1.284	1.236	1.166	0.913	0.991	1.639	1.310	0.837	1.190	1.498	1.477	1.431	1.256	0.859	0.798	0.856	1.541	1.579	1.309	1.360	1.336	1.662	1.395	1.159	1.214	0.829	0.846	1.197	1.170	1.441	1.593	1.685	1.642	1.247	1.378	1.176	1.544	1.372	0.815	0.877	0.899	1.197	1.293	0.955	0.834	1.412	1.447	1.208	1.674	0.898	1.084	0.823	0.822	0.870	0.954	1.603	0.903	1.478	1.492
19:50:07	1.448	1.290	1.329	1.490	1.225	1.645	1.561	1.204	1.635	0.824	0.819	0.808	1.259	1.287	0.769	1.432	1.304	1.631	0.904	0.763	0.823	1.249	0.796	1.420	0.590	1.344	0.794	0.865	1.198	0.772	0.842	0.803	1.672	1.355	1.398	1.412	1.320	1.300	1.248	1.177	0.913	0.991	1.647	1.323	0.834	1.198	1.516	1.487	1.436	1.266	0.859	0.797	0.856	1.552	1.589	1.318	1.374	1.350	1.671	1.409	1.172	1.229	0.828	0.847	1.207	1.182	1.454	1.601	1.689	1.652	1.260	1.394	1.190	1.554	1.383	0.813	0.866	0.899	1.206	1.301	0.954	0.835	1.423	1.456	1.222	1.678	0.897	1.085	0.819	0.821	0.872	0.954	1.613	0.901	1.492	1.496
20:00:07	1.455	1.300	1.342	1.507	1.222	1.654	1.570	1.213	1.644	0.818	0.815	0.804	1.270	1.299	0.769	1.443	1.315	1.635	0.906	0.762	0.821	1.261	0.792	1.432	0.590	1.356	0.794	0.865	1.210	0.770	0.842	0.803	1.680	1.372	1.412	1.421	1.332	1.315	1.257	1.186	0.912	0.992	1.651	1.335	0.834	1.205	1.534	1.500	1.440	1.276	0.860	0.796	0.857	1.563	1.597	1.328	1.384	1.367	1.680	1.424	1.183	1.243	0.828	0.848	1.219	1.195	1.465	1.605	1.693	1.660	1.273	1.407	1.205	1.562	1.394	0.811	0.867	0.897	1.215	1.308	0.955	0.839	1.436	1.471	1.236	1.683	0.897	1.087	0.818	0.818	0.869	0.952	1.625	0.903	1.502	1.497
20:10:07	1.464	1.311	1.353	1.521	1.222	1.659	1.579	1.223	1.652	0.820	0.815	0.805	1.280	1.310	0.770	1.453	1.330	1.643	0.908	0.762	0.822	1.274	0.792	1.441	0.590	1.367	0.795	0.865	1.223	0.769	0.843	0.802	1.688	1.392	1.425	1.434	1.342	1.330	1.267	1.197	0.913	0.995	1.657	1.348	0.834	1.215	1.544	1.514	1.445	1.286	0.860	0.794	0.857	1.573	1.605	1.339	1.396	1.380	1.688	1.441	1.195	1.254	0.828	0.848	1.230	1.210	1.479	1.612	1.699	1.669	1.287	1.416	1.221	1.570	1.405	0.811	0.868	0.899	1.227	1.320	0.955	0.841	1.449	1.487	1.249	1.686	0.897	1.089	0.817	0.818	0.869	0.951	1.636	0.902	1.516	1.508
20:20:07	1.470	1.319	1.365	1.537	1.223	1.666	1.589	1.234	1.661	0.819	0.814	0.804	1.294	1.321	0.771	1.464	1.340	1.645	0.909	0.761	0.820	1.285	0.791	1.447	0.590	1.378	0.796	0.866	1.237	0.765	0.843	0.801	1.695	1.411	1.435	1.447	1.351	1.344	1.277	1.207	0.913	0.997	1.663	1.355	0.835	1.222	1.561	1.525	1.452	1.297	0.860	0.795	0.858	1.585	1.614	1.351	1.408	1.396	1.696	1.458	1.208	1.268	0.829	0.849	1.241	1.223	1.492	1.621	1.706	1.679	1.299	1.424	1.240	1.578	1.417	0.808	0.869	0.899	1.236	1.332	0.954	0.843	1.463	1.498	1.263	1.690	0.898	1.093	0.817	0.817	0.867	0.951	1.645	0.902	1.527	1.517
20:30:07	1.478	1.329	1.379	1.551	1.223	1.670	1.598	1.244	1.668	0.819	0.812	0.804	1.306	1.332	0.772	1.475	1.354	1.646	0.910	0.760	0.822	1.298	0.789	1.458	0.589	1.390	0.797	0.866	1.250	0.763	0.843	0.801	1.704	1.429	1.447	1.460	1.361	1.357	1.288	1.219	0.909	0.999	1.667	1.369	0.832	1.231	1.583	1.537	1.459	1.307	0.861	0.792	0.859	1.595	1.623	1.359	1.419	1.412	1.702	1.473	1.223	1.281	0.830	0.851	1.250	1.237	1.504	1.629	1.711	1.686	1.310	1.436	1.255	1.585	1.430	0.809	0.870	0.900	1.246	1.342	0.959	0.845	1.477	1.513	1.275	1.694	0.898	1.095	0.817	0.816	0.871	0.952	1.657	0.896	1.537	1.524
20:40:07	1.487	1.338	1.391	1.563	1.224	1.675	1.607	1.256	1.670	0.819	0.804	0.803	1.318	1.341	0.772	1.486	1.367	1.646	0.913	0.759	0.817	1.310	0.788	1.468	0.589	1.398	0.797	0.867	1.265	0.761	0.843	0.801	1.711	1.446	1.459	1.471	1.369	1.369	1.298	1.224	0.909	1.000	1.670	1.379	0.831	1.238	1.605	1.549	1.462	1.317	0.860	0.790	0.860	1.605	1.630	1.369	1.433	1.423	1.707	1.487	1.236	1.295	0.829	0.851	1.260	1.251	1.515	1.634	1.714	1.693	1.321	1.447	1.270	1.591	1.442	0.803	0.868	0.898	1.256	1.352	0.959	0.846	1.491	1.523	1.287	1.696	0.897	1.096	0.815	0.816	0.868	0.951	1.668	0.894	1.546	1.545
20:50:07	1.493	1.348	1.405	1.576	1.223	1.682	1.615	1.266	1.673	0.820	0.802	0.804	1.328	1.350	0.773	1.496	1.381	1.653	0.914	0.757	0.814	1.322	0.787	1.478	0.588	1.407	0.798	0.867	1.279	0.756	0.840	0.799	1.719	1.461	1.471	1.482	1.377	1.380	1.309	1.234	0.909	1.003	1.675	1.389	0.832	1.245	1.616	1.559	1.467	1.326	0.860	0.791	0.860	1.616	1.639	1.380	1.444	1.439	1.715	1.501	1.250	1.311	0.830	0.853	1.272	1.268	1.528	1.641	1.720	1.700	1.332	1.463	1.281	1.597	1.455	0.803	0.870	0.899	1.266	1.364	0.956	0.849	1.507	1.535	1.300	1.702	0.898	1.098	0.816	0.816	0.870	0.952	1.680	0.898	1.556	1.558
21:00:07	1.499	1.357	1.420	1.588	1.224	1.686	1.622	1.274	1.674	0.820	0.801	0.806	1.340	1.359	0.775	1.504	1.396	1.654	0.914	0.756	0.810	1.335	0.786	1.490	0.588	1.415	0.799	0.864	1.291	0.751	0.839	0.798	1.724	1.478	1.482	1.494	1.383	1.390	1.319	1.244	0.908	1.004	1.681	1.400	0.832	1.253	1.624	1.569	1.471	1.336	0.860	0.784	0.856	1.621	1.648	1.390	1.454	1.451	1.722	1.516	1.264	1.328	0.829	0.854	1.277	1.284	1.539	1.646	1.723	1.707	1.341	1.475	1.296	1.601	1.468	0.801	0.868	0.894	1.272	1.372	0.956	0.851	1.521	1.547	1.311	1.705	0.896	1.099	0.814	0.810	0.866	0.948	1.692	0.899	1.565	1.570
21:10:07	1.505	1.367	1.433	1.599	1.225	1.691	1.630	1.284	1.675	0.821	0.802	0.804	1.347	1.368	0.775	1.514	1.408	1.657	0.917	0.756	0.811	1.348	0.785	1.500	0.587	1.424	0.800	0.863	1.304	0.749	0.840	0.797	1.731	1.493	1.491	1.502	1.389	1.399	1.330	1.254	0.910	1.006	1.687	1.409	0.832	1.260	1.635	1.579	1.471	1.345	0.860	0.782	0.857	1.629	1.654	1.401	1.465	1.463	1.729	1.530	1.277	1.343	0.829	0.855	1.287	1.299	1.551	1.650	1.727	1.714	1.353	1.492	1.309	1.607	1.480	0.801	0.869	0.897	1.283	1.378	0.956	0.853	1.535	1.553	1.322	1.707	0.897	1.101	0.813	0.811	0.866	0.948	1.704	0.897	1.572	1.583
21:20:07	1.510	1.376	1.445	1.609	1.227	1.696	1.637	1.295	1.680	0.822	0.804	0.803	1.358	1.376	0.776	1.523	1.418	1.657	0.916	0.754	0.813	1.361	0.787	1.512	0.586	1.434	0.801	0.862	1.319	0.746	0.838	0.796	1.736	1.508	1.497	1.514	1.395	1.409	1.343	1.267	0.909	1.011	1.694	1.425	0.831	1.267	1.646	1.589	1.470	1.355	0.861	0.783	0.857	1.638	1.657	1.412	1.477	1.476	1.738	1.544	1.289	1.357	0.829	0.857	1.297	1.319	1.560	1.657	1.733	1.720	1.366	1.509	1.328	1.611	1.491	0.798	0.870	0.898	1.291	1.390	0.957	0.851	1.548	1.570	1.334	1.711	0.897	1.104	0.811	0.808	0.864	0.950	1.712	0.899	1.581	1.592
21:30:07	1.515	1.385	1.460	1.618	1.227	1.700	1.644	1.306	1.685	0.824	0.801	0.802	1.365	1.384	0.776	1.534	1.427	1.659	0.916	0.752	0.812	1.374	0.786	1.521	0.585	1.444	0.801	0.861	1.332	0.744	0.834	0.795	1.741	1.521	1.505	1.523	1.402	1.416	1.353	1.274	0.908	1.010	1.700	1.433	0.831	1.273	1.655	1.597	1.476	1.366	0.860	0.781	0.851	1.646	1.663	1.420	1.487	1.483	1.745	1.556	1.301	1.372	0.829	0.859	1.307	1.339	1.571	1.660	1.736	1.725	1.378	1.527	1.340	1.616	1.502	0.792	0.870	0.899	1.301	1.402	0.959	0.852	1.559	1.579	1.346	1.713	0.897	1.104	0.810	0.808	0.865	0.946	1.722	0.896	1.587	1.599
21:40:07	1.515	1.394	1.474	1.628	1.228	1.704	1.649	1.313	1.689	0.822	0.799	0.800	1.370	1.390	0.776	1.540	1.438	1.665	0.916	0.751	0.811	1.386	0.784	1.530	0.585	1.452	0.802	0.861	1.344	0.740	0.834	0.795	1.747	1.534	1.514	1.533	1.408	1.421	1.364	1.283	0.907	1.012	1.705	1.448	0.831	1.280	1.665	1.603	1.479	1.375	0.861	0.779	0.850	1.654	1.668	1.430	1.496	1.491	1.750	1.565	1.313	1.384	0.829	0.859	1.317	1.360	1.581	1.665	1.740	1.730	1.391	1.537	1.354	1.621	1.515	0.790	0.870	0.899	1.309	1.410	0.960	0.854	1.569	1.575	1.356	1.715	0.897	1.106	0.808	0.806	0.863	0.945	1.730	0.894	1.595	1.602
21:50:07	1.520	1.403	1.487	1.636	1.229	1.709	1.655	1.324	1.696	0.824	0.799	0.800	1.375	1.397	0.777	1.549	1.450	1.670	0.917	0.751	0.810	1.399	0.784	1.540	0.583	1.462	0.803	0.862	1.359	0.739	0.834	0.796	1.754	1.545	1.521	1.541	1.413	1.428	1.376	1.292	0.907	1.012	1.712	1.463	0.832	1.286	1.674	1.611	1.481	1.385	0.861	0.777	0.851	1.662	1.673	1.441	1.506	1.503	1.758	1.577	1.322	1.396	0.829	0.860	1.326	1.382	1.592	1.672	1.744	1.736	1.403	1.552	1.365	1.625	1.522	0.789	0.870	0.900	1.318	1.422	0.961	0.854	1.578	1.587	1.368	1.719	0.897	1.108	0.806	0.808	0.866	0.945	1.740	0.893	1.605	1.605
22:00:07	1.523	1.409	1.499	1.644	1.230	1.712	1.659	1.333	1.704	0.824	0.799	0.800	1.384	1.404	0.778	1.558	1.460	1.670	0.917	0.750	0.809	1.412	0.783	1.548	0.581	1.470	0.803	0.862	1.373	0.737	0.833	0.796	1.760	1.556	1.530	1.547	1.419	1.435	1.387	1.301	0.907	1.014	1.717	1.478	0.832	1.293	1.681	1.619	1.483	1.395	0.860	0.777	0.849	1.669	1.677	1.450	1.516	1.512	1.764	1.586	1.331	1.407	0.829	0.861	1.337	1.403	1.601	1.675	1.749	1.742	1.419	1.563	1.375	1.631	1.535	0.788	0.869	0.901	1.326	1.433	0.961	0.856	1.587	1.597	1.380	1.722	0.898	1.112	0.805	0.806	0.863	0.946	1.748	0.892	1.611	1.611
22:10:07	1.527	1.417	1.512	1.652	1.232	1.717	1.664	1.343	1.710	0.827	0.798	0.801	1.391	1.411	0.778	1.568	1.471	1.674	0.918	0.750	0.810	1.425	0.783	1.559	0.581	1.479	0.804	0.864	1.386	0.735	0.833	0.792	1.764	1.567	1.539	1.555	1.426	1.444	1.399	1.311	0.908	1.017	1.719	1.493	0.833	1.299	1.686	1.627	1.483	1.404	0.861	0.777	0.850	1.679	1.680	1.461	1.521	1.524	1.771	1.597	1.341	1.418	0.829	0.859	1.348	1.420	1.609	1.681	1.754	1.749	1.437	1.581	1.385	1.637	1.547	0.788	0.871	0.902	1.335	1.444	0.963	0.859	1.594	1.605	1.396	1.725	0.899	1.116	0.805	0.808	0.866	0.946	1.755	0.892	1.620	1.617
22:20:07	1.531	1.424	1.524	1.658	1.233	1.722	1.669	1.352	1.718	0.827	0.798	0.801	1.392	1.419	0.778	1.577	1.480	1.676	0.918	0.748	0.810	1.437	0.783	1.567	0.580	1.486	0.805	0.864	1.398	0.734	0.834	0.791	1.770	1.575	1.545	1.564	1.432	1.451	1.411	1.321	0.907	1.019	1.725	1.506	0.834	1.305	1.690	1.634	1.488	1.411	0.861	0.777	0.850	1.686	1.684	1.473	1.531	1.534	1.775	1.605	1.350	1.427	0.829	0.860	1.359	1.438	1.618	1.686	1.759	1.756	1.453	1.596	1.394	1.643	1.557	0.787	0.872	0.904	1.344	1.454	0.964	0.862	1.603	1.614	1.407	1.727	0.899	1.119	0.802	0.807	0.864	0.947	1.763	0.892	1.627	1.623
22:30:07	1.537	1.429	1.535	1.664	1.234	1.726	1.673	1.360	1.723	0.828	0.799	0.802	1.397	1.425	0.779	1.585	1.490	1.680	0.921	0.748	0.809	1.449	0.783	1.576	0.579	1.493	0.806	0.864	1.411	0.733	0.833	0.792	1.775	1.586	1.554	1.569	1.438	1.457	1.423	1.330	0.906	1.021	1.732	1.520	0.834	1.311	1.697	1.638	1.492	1.419	0.861	0.776	0.850	1.692	1.687	1.485	1.546	1.543	1.776	1.613	1.360	1.436	0.829	0.861	1.371	1.455	1.626	1.690	1.763	1.762	1.461	1.608	1.402	1.648	1.563	0.786	0.872	0.908	1.354	1.466	0.967	0.859	1.611	1.621	1.418	1.730	0.899	1.122	0.801	0.807	0.865	0.945	1.769	0.891	1.633	1.630
22:40:07	1.542	1.435	1.546	1.669	1.237	1.732	1.678	1.368	1.728	0.829	0.800	0.802	1.399	1.433	0.779	1.595	1.499	1.684	0.923	0.748	0.808	1.460	0.782	1.585	0.579	1.500	0.807	0.866	1.423	0.732	0.834	0.792	1.781	1.595	1.564	1.577	1.444	1.464	1.435	1.340	0.906	1.023	1.737	1.533	0.835	1.314	1.703	1.645	1.497	1.427	0.861	0.777	0.851	1.700	1.692	1.494	1.553	1.552	1.783	1.623	1.369	1.445	0.829	0.862	1.382	1.469	1.634	1.695	1.769	1.768	1.476	1.621	1.409	1.654	1.574	0.785	0.872	0.909	1.362	1.477	0.966	0.862	1.618	1.627	1.427	1.733	0.899	1.126	0.799	0.808	0.863	0.946	1.777	0.891	1.642	1.637
22:50:07	1.545	1.439	1.556	1.674	1.238	1.735	1.683	1.376	1.731	0.829	0.801	0.800	1.404	1.439	0.779	1.603	1.507	1.686	0.922	0.747	0.808	1.471	0.781	1.590	0.577	1.505	0.806	0.866	1.438	0.730	0.831	0.794	1.786	1.603	1.571	1.585	1.450	1.469	1.446	1.350	0.906	1.025	1.743	1.545	0.832	1.318	1.710	1.652	1.500	1.433	0.861	0.776	0.850	1.706	1.695	1.507	1.561	1.559	1.787	1.628	1.377	1.452	0.829	0.863	1.394	1.485	1.641	1.695	1.773	1.775	1.491	1.633	1.415	1.658	1.581	0.785	0.872	0.909	1.371	1.487	0.965	0.864	1.625	1.632	1.435	1.734	0.898	1.129	0.798	0.805	0.864	0.946	1.785	0.889	1.648	1.648
23:00:07	1.544	1.444	1.567	1.677	1.240	1.738	1.687	1.383	1.734	0.830	0.792	0.799	1.407	1.447	0.779	1.611	1.513	1.689	0.923	0.745	0.809	1.480	0.779	1.595	0.577	1.511	0.807	0.866	1.452	0.729	0.829	0.792	1.792	1.611	1.579	1.593	1.456	1.476	1.459	1.359	0.905	1.028	1.750	1.557	0.832	1.324	1.713	1.659	1.504	1.439	0.862	0.775	0.851	1.710	1.698	1.519	1.568	1.568	1.791	1.634	1.386	1.460	0.828	0.864	1.404	1.498	1.647	1.698	1.776	1.779	1.504	1.643	1.421	1.662	1.587	0.783	0.872	0.912	1.376	1.495	0.966	0.866	1.632	1.637	1.447	1.737	0.899	1.133	0.797	0.806	0.862	0.948	1.788	0.890	1.655	1.652
23:10:07	1.552	1.450	1.576	1.681	1.242	1.741	1.692	1.389	1.734	0.829	0.790	0.798	1.415	1.452	0.781	1.616	1.519	1.699	0.924	0.745	0.810	1.489	0.777	1.604	0.577	1.515	0.808	0.866	1.467	0.725	0.828	0.791	1.799	1.618	1.586	1.599	1.462	1.481	1.472	1.370	0.904	1.030	1.754	1.567	0.832	1.329	1.719	1.666	1.509	1.445	0.863	0.774	0.850	1.716	1.701	1.530	1.574	1.576	1.798	1.640	1.395	1.467	0.827	0.865	1.415	1.510	1.653	1.705	1.780	1.782	1.516	1.652	1.426	1.666	1.595	0.784	0.872	0.911	1.382	1.505	0.969	0.867	1.638	1.642	1.455	1.739	0.899	1.138	0.797	0.805	0.866	0.942	1.795	0.884	1.661	1.657
23:20:07	1.551	1.452	1.584	1.684	1.242	1.744	1.695	1.398	1.734	0.830	0.791	0.796	1.419	1.460	0.780	1.623	1.521	1.706	0.927	0.744	0.812	1.499	0.778	1.611	0.576	1.520	0.809	0.867	1.483	0.724	0.830	0.792	1.803	1.625	1.593	1.605	1.468	1.487	1.483	1.380	0.904	1.032	1.756	1.577	0.828	1.335	1.723	1.675	1.514	1.450	0.862	0.774	0.850	1.723	1.705	1.541	1.579	1.584	1.805	1.647	1.402	1.475	0.827	0.866	1.428	1.522	1.660	1.709	1.784	1.786	1.528	1.663	1.430	1.670	1.600	0.784	0.872	0.914	1.391	1.516	0.970	0.865	1.644	1.649	1.466	1.742	0.899	1.142	0.798	0.805	0.861	0.941	1.802	0.885	1.669	1.663
23:30:07	1.556	1.459	1.593	1.687	1.244	1.746	1.698	1.406	1.736	0.832	0.792	0.797	1.422	1.466	0.781	1.629	1.525	1.713	0.922	0.741	0.813	1.509	0.773	1.618	0.575	1.525	0.810	0.868	1.504	0.723	0.829	0.792	1.808	1.631	1.601	1.610	1.475	1.493	1.494	1.390	0.903	1.029	1.760	1.588	0.829	1.342	1.727	1.680	1.518	1.456	0.862	0.774	0.849	1.729	1.707	1.552	1.582	1.591	1.811	1.653	1.410	1.481	0.824	0.867	1.440	1.530	1.666	1.712	1.789	1.790	1.540	1.673	1.436	1.675	1.609	0.785	0.872	0.917	1.398	1.527	0.973	0.868	1.651	1.650	1.478	1.744	0.900	1.146	0.798	0.807	0.863	0.942	1.809	0.884	1.677	1.668
23:40:07	1.561	1.464	1.601	1.690	1.247	1.750	1.702	1.412	1.737	0.831	0.791	0.797	1.422	1.471	0.780	1.635	1.529	1.715	0.924	0.739	0.813	1.518	0.772	1.623	0.574	1.529	0.811	0.868	1.527	0.721	0.830	0.792	1.814	1.637	1.607	1.616	1.481	1.498	1.504	1.402	0.903	1.032	1.762	1.596	0.829	1.349	1.728	1.686	1.522	1.460	0.862	0.773	0.846	1.733	1.709	1.561	1.591	1.599	1.817	1.656	1.417	1.488	0.824	0.868	1.451	1.537	1.670	1.714	1.791	1.794	1.551	1.680	1.440	1.679	1.614	0.784	0.872	0.917	1.404	1.536	0.974	0.870	1.655	1.656	1.489	1.746	0.901	1.150	0.797	0.806	0.862	0.943	1.816	0.883	1.683	1.674
23:50:07	1.563	1.469	1.609	1.693	1.248	1.753	1.706	1.420	1.733	0.833	0.792	0.795	1.421	1.477	0.779	1.641	1.532	1.719	0.926	0.738	0.814	1.526	0.770	1.632	0.573	1.533	0.813	0.869	1.549	0.720	0.830	0.786	1.819	1.641	1.615	1.618	1.486	1.503	1.513	1.412	0.898	1.035	1.765	1.603	0.827	1.356	1.733	1.691	1.525	1.464	0.862	0.772	0.845	1.740	1.712	1.571	1.594	1.606	1.822	1.661	1.422	1.492	0.822	0.865	1.464	1.548	1.675	1.714	1.796	1.797	1.564	1.687	1.444	1.682	1.620	0.783	0.871	0.918	1.412	1.546	0.974	0.870	1.660	1.664	1.499	1.749	0.900	1.154	0.795	0.805	0.863	0.940	1.822	0.883	1.689	1.681
24:00:07	1.569	1.476	1.617	1.694	1.250	1.757	1.706	1.425	1.716	0.831	0.791	0.794	1.423	1.482	0.780	1.647	1.535	1.723	0.920	0.737	0.813	1.535	0.769	1.637	0.573	1.538	0.815	0.868	1.571	0.718	0.829	0.785	1.825	1.648	1.622	1.623	1.493	1.510	1.523	1.423	0.898	1.030	1.767	1.613	0.822	1.357	1.737	1.695	1.530	1.469	0.862	0.771	0.846	1.744	1.712	1.578	1.600	1.614	1.826	1.666	1.430	1.498	0.821	0.866	1.477	1.558	1.680	1.716	1.800	1.801	1.573	1.694	1.450	1.692	1.626	0.783	0.871	0.920	1.419	1.556	0.977	0.872	1.665	1.667	1.511	1.751	0.901	1.159	0.796	0.806	0.864	0.938	1.829	0.882	1.695	1.688

