Kinetic read	A1	A2	A3	A4	A5	A6	A7	A8	A9	A10	A11	A12	B1	B2	B3	B4	B5	B6	B7	B8	B9	B10	B11	B12	C1	C2	C3	C4	C5	C6	C7	C8	C9	C10	C11	C12	D1	D2	D3	D4	D5	D6	D7	D8	D9	D10	D11	D12	E1	E2	E3	E4	E5	E6	E7	E8	E9	E10	E11	E12	F1	F2	F3	F4	F5	F6	F7	F8	F9	F10	F11	F12	G1	G2	G3	G4	G5	G6	G7	G8	G9	G10	G11	G12	H1	H2	H3	H4	H5	H6	H7	H8	H9	H10	H11	H12
0:00:07	0.076	0.078	0.078	0.078	0.077	0.076	0.077	0.077	0.078	0.078	0.078	0.076	0.077	0.077	0.080	0.080	0.080	0.081	0.078	0.077	0.079	0.079	0.078	0.076	0.077	0.077	0.077	0.077	0.079	0.083	0.081	0.079	0.079	0.076	0.077	0.077	0.077	0.077	0.076	0.079	0.077	0.079	0.078	0.078	0.080	0.077	0.079	0.077	0.077	0.077	0.077	0.078	0.077	0.078	0.077	0.081	0.084	0.077	0.077	0.078	0.077	0.078	0.076	0.077	0.077	0.077	0.078	0.077	0.076	0.078	0.077	0.078	0.079	0.078	0.078	0.078	0.079	0.079	0.080	0.077	0.082	0.078	0.079	0.077	0.077	0.078	0.078	0.080	0.080	0.079	0.078	0.079	0.085	0.082	0.082	0.077
0:10:07	0.075	0.078	0.077	0.078	0.076	0.076	0.076	0.076	0.077	0.077	0.077	0.076	0.077	0.077	0.078	0.079	0.080	0.080	0.077	0.077	0.077	0.079	0.077	0.075	0.077	0.076	0.076	0.076	0.079	0.083	0.080	0.078	0.078	0.076	0.077	0.076	0.077	0.076	0.076	0.078	0.077	0.079	0.077	0.078	0.080	0.082	0.077	0.076	0.076	0.077	0.077	0.077	0.077	0.078	0.077	0.080	0.083	0.077	0.076	0.077	0.076	0.077	0.076	0.076	0.077	0.077	0.077	0.077	0.076	0.077	0.077	0.077	0.078	0.077	0.077	0.078	0.078	0.079	0.080	0.076	0.080	0.077	0.078	0.076	0.077	0.078	0.077	0.080	0.080	0.079	0.077	0.081	0.084	0.081	0.082	0.078
0:20:07	0.074	0.077	0.077	0.077	0.076	0.075	0.075	0.076	0.077	0.076	0.076	0.075	0.077	0.076	0.077	0.079	0.079	0.081	0.077	0.076	0.078	0.079	0.077	0.075	0.076	0.076	0.076	0.076	0.078	0.082	0.079	0.077	0.078	0.076	0.076	0.076	0.076	0.076	0.076	0.078	0.076	0.079	0.077	0.077	0.080	0.082	0.076	0.076	0.076	0.076	0.076	0.077	0.076	0.077	0.076	0.080	0.083	0.077	0.076	0.077	0.076	0.077	0.075	0.076	0.076	0.076	0.077	0.076	0.076	0.077	0.076	0.076	0.076	0.077	0.077	0.077	0.077	0.079	0.079	0.076	0.079	0.077	0.077	0.075	0.077	0.078	0.077	0.079	0.079	0.079	0.077	0.079	0.084	0.080	0.081	0.076
0:30:07	0.075	0.077	0.077	0.078	0.076	0.076	0.076	0.077	0.077	0.077	0.077	0.076	0.077	0.076	0.077	0.080	0.079	0.081	0.077	0.076	0.078	0.079	0.077	0.075	0.076	0.076	0.076	0.076	0.078	0.082	0.078	0.077	0.080	0.076	0.076	0.076	0.076	0.076	0.075	0.078	0.076	0.079	0.077	0.077	0.080	0.082	0.076	0.076	0.076	0.076	0.076	0.077	0.076	0.077	0.077	0.080	0.083	0.077	0.076	0.077	0.076	0.077	0.076	0.076	0.076	0.076	0.077	0.076	0.076	0.077	0.076	0.077	0.076	0.077	0.077	0.077	0.077	0.079	0.080	0.076	0.079	0.077	0.078	0.076	0.077	0.079	0.078	0.080	0.080	0.079	0.077	0.079	0.084	0.081	0.081	0.077
0:40:07	0.075	0.077	0.077	0.078	0.076	0.076	0.076	0.077	0.077	0.077	0.077	0.077	0.077	0.077	0.077	0.080	0.079	0.081	0.077	0.076	0.077	0.080	0.077	0.075	0.076	0.076	0.076	0.076	0.078	0.083	0.078	0.077	0.081	0.076	0.077	0.076	0.076	0.076	0.076	0.079	0.076	0.079	0.077	0.078	0.080	0.082	0.076	0.076	0.076	0.077	0.076	0.077	0.076	0.077	0.076	0.080	0.083	0.077	0.076	0.077	0.076	0.077	0.076	0.076	0.076	0.076	0.077	0.077	0.076	0.077	0.077	0.077	0.077	0.078	0.078	0.078	0.078	0.079	0.080	0.077	0.079	0.077	0.078	0.076	0.079	0.084	0.084	0.085	0.085	0.083	0.082	0.085	0.089	0.083	0.084	0.082
0:50:07	0.075	0.077	0.078	0.079	0.076	0.077	0.076	0.079	0.079	0.079	0.081	0.087	0.078	0.077	0.078	0.081	0.080	0.082	0.078	0.078	0.078	0.082	0.080	0.077	0.077	0.077	0.077	0.076	0.080	0.084	0.079	0.079	0.083	0.076	0.079	0.076	0.078	0.077	0.078	0.083	0.079	0.082	0.081	0.081	0.083	0.085	0.079	0.081	0.079	0.081	0.081	0.082	0.081	0.083	0.080	0.084	0.086	0.078	0.079	0.082	0.077	0.079	0.083	0.082	0.083	0.082	0.083	0.082	0.081	0.080	0.081	0.084	0.082	0.084	0.084	0.085	0.085	0.087	0.087	0.084	0.086	0.083	0.083	0.085	0.083	0.088	0.087	0.090	0.089	0.088	0.088	0.091	0.094	0.088	0.094	0.099
1:00:07	0.075	0.078	0.080	0.082	0.083	0.087	0.081	0.090	0.092	0.092	0.096	0.103	0.080	0.080	0.081	0.085	0.082	0.087	0.084	0.084	0.085	0.093	0.093	0.088	0.078	0.080	0.081	0.080	0.084	0.089	0.084	0.084	0.091	0.079	0.092	0.077	0.081	0.081	0.083	0.087	0.083	0.086	0.084	0.086	0.089	0.094	0.091	0.095	0.081	0.084	0.084	0.086	0.084	0.087	0.084	0.089	0.093	0.083	0.090	0.098	0.081	0.084	0.086	0.086	0.088	0.086	0.088	0.087	0.089	0.088	0.094	0.100	0.084	0.087	0.088	0.090	0.091	0.093	0.095	0.092	0.095	0.094	0.096	0.101	0.085	0.096	0.098	0.097	0.096	0.095	0.097	0.101	0.107	0.102	0.112	0.117
1:10:07	0.076	0.079	0.083	0.091	0.094	0.100	0.092	0.104	0.107	0.106	0.110	0.117	0.081	0.082	0.084	0.093	0.087	0.097	0.096	0.098	0.098	0.108	0.108	0.104	0.080	0.082	0.083	0.083	0.092	0.098	0.095	0.095	0.104	0.086	0.109	0.081	0.082	0.082	0.085	0.095	0.092	0.096	0.095	0.097	0.101	0.106	0.108	0.111	0.082	0.085	0.088	0.094	0.093	0.099	0.094	0.100	0.106	0.093	0.107	0.114	0.083	0.085	0.092	0.093	0.099	0.096	0.097	0.097	0.102	0.101	0.111	0.117	0.085	0.088	0.095	0.099	0.102	0.103	0.105	0.105	0.108	0.109	0.111	0.117	0.087	0.106	0.110	0.106	0.105	0.107	0.112	0.116	0.123	0.119	0.128	0.134
1:20:07	0.076	0.080	0.086	0.100	0.106	0.113	0.103	0.117	0.119	0.119	0.124	0.130	0.082	0.082	0.088	0.103	0.095	0.109	0.109	0.111	0.112	0.123	0.123	0.118	0.081	0.083	0.087	0.089	0.103	0.111	0.107	0.109	0.118	0.094	0.124	0.089	0.083	0.083	0.090	0.104	0.103	0.108	0.109	0.112	0.116	0.117	0.124	0.126	0.083	0.086	0.092	0.105	0.103	0.113	0.106	0.115	0.121	0.105	0.122	0.130	0.083	0.086	0.098	0.101	0.112	0.108	0.111	0.112	0.119	0.116	0.127	0.132	0.086	0.090	0.102	0.112	0.116	0.118	0.121	0.121	0.124	0.125	0.127	0.132	0.088	0.116	0.123	0.120	0.117	0.122	0.128	0.137	0.138	0.134	0.143	0.149
1:30:07	0.076	0.080	0.091	0.110	0.117	0.125	0.114	0.129	0.131	0.131	0.136	0.142	0.081	0.083	0.093	0.113	0.103	0.121	0.121	0.123	0.124	0.136	0.136	0.131	0.080	0.083	0.091	0.096	0.114	0.122	0.119	0.121	0.132	0.103	0.138	0.097	0.083	0.083	0.094	0.116	0.115	0.121	0.122	0.125	0.129	0.131	0.138	0.140	0.083	0.087	0.098	0.117	0.116	0.128	0.120	0.129	0.135	0.117	0.136	0.143	0.084	0.087	0.107	0.112	0.126	0.122	0.125	0.126	0.133	0.130	0.141	0.145	0.086	0.092	0.113	0.124	0.129	0.133	0.135	0.137	0.139	0.139	0.142	0.145	0.090	0.126	0.135	0.134	0.129	0.136	0.142	0.146	0.152	0.148	0.156	0.162
1:40:07	0.076	0.081	0.095	0.119	0.126	0.136	0.125	0.140	0.142	0.142	0.147	0.153	0.082	0.083	0.098	0.123	0.112	0.131	0.132	0.134	0.136	0.148	0.148	0.143	0.081	0.084	0.095	0.103	0.125	0.133	0.131	0.133	0.144	0.112	0.150	0.106	0.083	0.084	0.099	0.128	0.127	0.134	0.135	0.137	0.141	0.143	0.150	0.152	0.084	0.088	0.103	0.129	0.129	0.142	0.134	0.142	0.147	0.129	0.149	0.156	0.084	0.087	0.116	0.124	0.139	0.135	0.139	0.140	0.146	0.143	0.155	0.158	0.087	0.094	0.122	0.137	0.142	0.146	0.149	0.150	0.153	0.152	0.155	0.157	0.091	0.135	0.145	0.146	0.141	0.148	0.156	0.159	0.164	0.160	0.168	0.173
1:50:07	0.076	0.081	0.099	0.127	0.136	0.145	0.134	0.149	0.151	0.152	0.157	0.163	0.082	0.084	0.103	0.132	0.120	0.141	0.142	0.144	0.146	0.159	0.159	0.154	0.081	0.084	0.099	0.112	0.136	0.144	0.141	0.144	0.156	0.121	0.162	0.115	0.083	0.084	0.104	0.138	0.139	0.145	0.147	0.149	0.152	0.154	0.162	0.163	0.084	0.088	0.109	0.140	0.141	0.154	0.146	0.154	0.159	0.141	0.161	0.167	0.084	0.087	0.125	0.135	0.151	0.147	0.151	0.152	0.158	0.155	0.166	0.168	0.087	0.095	0.132	0.148	0.154	0.158	0.161	0.163	0.165	0.164	0.168	0.168	0.092	0.144	0.156	0.158	0.152	0.160	0.167	0.171	0.175	0.171	0.179	0.184
2:00:07	0.077	0.081	0.102	0.135	0.144	0.154	0.143	0.159	0.160	0.161	0.167	0.172	0.082	0.084	0.107	0.140	0.128	0.150	0.151	0.154	0.156	0.169	0.169	0.165	0.081	0.084	0.103	0.120	0.145	0.153	0.150	0.154	0.166	0.130	0.172	0.125	0.083	0.084	0.109	0.148	0.149	0.155	0.157	0.159	0.162	0.164	0.172	0.173	0.084	0.089	0.115	0.150	0.151	0.166	0.157	0.165	0.169	0.151	0.172	0.177	0.084	0.088	0.133	0.146	0.162	0.158	0.162	0.163	0.169	0.166	0.177	0.179	0.088	0.097	0.140	0.158	0.164	0.169	0.172	0.174	0.176	0.174	0.179	0.178	0.094	0.152	0.165	0.168	0.162	0.171	0.179	0.182	0.185	0.181	0.189	0.194
2:10:07	0.077	0.082	0.105	0.142	0.152	0.162	0.151	0.167	0.169	0.169	0.175	0.181	0.082	0.084	0.111	0.148	0.135	0.159	0.159	0.162	0.164	0.178	0.178	0.174	0.081	0.084	0.107	0.127	0.154	0.162	0.159	0.162	0.176	0.138	0.182	0.133	0.083	0.084	0.114	0.157	0.158	0.165	0.167	0.169	0.171	0.173	0.182	0.183	0.084	0.089	0.120	0.160	0.160	0.176	0.167	0.175	0.179	0.161	0.181	0.187	0.084	0.088	0.140	0.155	0.172	0.168	0.172	0.173	0.179	0.176	0.187	0.188	0.088	0.099	0.147	0.167	0.174	0.179	0.182	0.185	0.187	0.184	0.189	0.187	0.095	0.159	0.174	0.178	0.171	0.181	0.189	0.191	0.194	0.191	0.198	0.204
2:20:07	0.077	0.082	0.108	0.149	0.159	0.170	0.159	0.175	0.177	0.177	0.183	0.189	0.082	0.084	0.115	0.155	0.142	0.167	0.168	0.170	0.172	0.186	0.187	0.183	0.081	0.085	0.110	0.134	0.162	0.170	0.168	0.171	0.185	0.146	0.191	0.142	0.083	0.084	0.119	0.166	0.166	0.174	0.176	0.178	0.180	0.182	0.191	0.191	0.084	0.090	0.125	0.169	0.169	0.186	0.177	0.184	0.187	0.171	0.191	0.196	0.084	0.088	0.148	0.165	0.180	0.178	0.181	0.183	0.188	0.186	0.196	0.197	0.088	0.100	0.155	0.176	0.183	0.188	0.192	0.195	0.197	0.193	0.199	0.196	0.096	0.166	0.182	0.187	0.180	0.190	0.198	0.200	0.203	0.200	0.207	0.212
2:30:07	0.077	0.082	0.111	0.155	0.166	0.178	0.166	0.182	0.184	0.185	0.191	0.197	0.082	0.085	0.118	0.162	0.149	0.174	0.175	0.178	0.179	0.194	0.196	0.191	0.081	0.085	0.113	0.141	0.169	0.178	0.175	0.179	0.194	0.154	0.199	0.151	0.083	0.085	0.123	0.173	0.174	0.183	0.185	0.186	0.187	0.190	0.200	0.200	0.084	0.090	0.130	0.177	0.178	0.195	0.185	0.193	0.196	0.179	0.200	0.204	0.084	0.088	0.155	0.173	0.188	0.187	0.190	0.192	0.197	0.195	0.205	0.205	0.087	0.101	0.161	0.184	0.191	0.197	0.201	0.204	0.206	0.202	0.207	0.204	0.097	0.172	0.190	0.196	0.188	0.199	0.206	0.208	0.212	0.208	0.215	0.220
2:40:07	0.077	0.082	0.114	0.161	0.172	0.185	0.173	0.189	0.191	0.192	0.198	0.204	0.082	0.085	0.122	0.169	0.155	0.181	0.182	0.185	0.187	0.202	0.204	0.199	0.081	0.085	0.116	0.148	0.176	0.185	0.183	0.186	0.202	0.161	0.207	0.159	0.083	0.085	0.127	0.181	0.181	0.191	0.193	0.193	0.195	0.198	0.208	0.208	0.084	0.090	0.134	0.185	0.185	0.203	0.193	0.201	0.203	0.187	0.208	0.212	0.084	0.088	0.161	0.181	0.195	0.195	0.198	0.200	0.205	0.204	0.213	0.213	0.087	0.102	0.168	0.192	0.199	0.205	0.209	0.212	0.215	0.210	0.216	0.211	0.098	0.178	0.197	0.204	0.196	0.207	0.215	0.216	0.220	0.216	0.223	0.228
2:50:07	0.077	0.082	0.116	0.167	0.178	0.191	0.179	0.196	0.197	0.199	0.205	0.211	0.082	0.085	0.125	0.175	0.161	0.188	0.190	0.192	0.194	0.209	0.211	0.207	0.081	0.085	0.119	0.155	0.183	0.192	0.190	0.194	0.210	0.168	0.215	0.166	0.083	0.085	0.132	0.189	0.189	0.198	0.200	0.200	0.202	0.205	0.216	0.215	0.084	0.090	0.138	0.192	0.192	0.211	0.201	0.208	0.210	0.196	0.216	0.220	0.085	0.089	0.167	0.188	0.202	0.202	0.206	0.208	0.213	0.212	0.221	0.220	0.088	0.104	0.174	0.199	0.207	0.213	0.217	0.221	0.223	0.218	0.224	0.219	0.099	0.184	0.204	0.211	0.204	0.215	0.222	0.224	0.227	0.222	0.230	0.234
3:00:07	0.077	0.082	0.119	0.172	0.184	0.198	0.186	0.202	0.204	0.206	0.211	0.218	0.082	0.085	0.128	0.180	0.167	0.194	0.196	0.199	0.200	0.216	0.218	0.214	0.081	0.085	0.122	0.161	0.189	0.199	0.196	0.200	0.217	0.174	0.223	0.173	0.084	0.085	0.136	0.195	0.195	0.205	0.208	0.207	0.210	0.212	0.223	0.222	0.084	0.090	0.142	0.199	0.199	0.218	0.209	0.215	0.218	0.203	0.222	0.226	0.084	0.088	0.173	0.195	0.210	0.209	0.213	0.216	0.220	0.219	0.228	0.227	0.088	0.105	0.180	0.206	0.214	0.220	0.224	0.228	0.230	0.225	0.231	0.226	0.100	0.190	0.210	0.219	0.211	0.222	0.229	0.231	0.234	0.229	0.237	0.241
3:10:07	0.077	0.082	0.121	0.177	0.190	0.203	0.192	0.208	0.210	0.212	0.218	0.224	0.082	0.085	0.131	0.186	0.173	0.199	0.203	0.205	0.207	0.222	0.225	0.221	0.082	0.085	0.125	0.167	0.195	0.205	0.203	0.206	0.224	0.181	0.229	0.181	0.084	0.085	0.140	0.202	0.202	0.212	0.215	0.214	0.216	0.219	0.230	0.229	0.084	0.090	0.146	0.205	0.206	0.225	0.216	0.222	0.225	0.211	0.230	0.233	0.085	0.089	0.179	0.202	0.217	0.217	0.220	0.223	0.227	0.226	0.235	0.234	0.088	0.106	0.186	0.213	0.221	0.227	0.230	0.235	0.238	0.232	0.238	0.233	0.101	0.194	0.217	0.226	0.218	0.229	0.236	0.238	0.241	0.236	0.244	0.247
3:20:07	0.077	0.082	0.124	0.183	0.195	0.209	0.198	0.214	0.216	0.218	0.223	0.230	0.082	0.085	0.134	0.192	0.178	0.204	0.209	0.212	0.213	0.229	0.231	0.227	0.082	0.085	0.128	0.172	0.201	0.211	0.209	0.212	0.231	0.187	0.235	0.188	0.084	0.085	0.144	0.208	0.208	0.218	0.222	0.220	0.222	0.225	0.237	0.235	0.084	0.091	0.149	0.211	0.213	0.232	0.223	0.229	0.231	0.217	0.236	0.239	0.085	0.089	0.184	0.208	0.223	0.223	0.226	0.230	0.234	0.233	0.242	0.241	0.088	0.108	0.191	0.219	0.228	0.234	0.237	0.243	0.245	0.239	0.245	0.239	0.102	0.200	0.223	0.234	0.225	0.236	0.243	0.245	0.248	0.243	0.251	0.253
3:30:07	0.077	0.082	0.126	0.188	0.200	0.215	0.204	0.220	0.221	0.223	0.229	0.236	0.082	0.085	0.137	0.198	0.184	0.210	0.214	0.217	0.219	0.235	0.237	0.234	0.082	0.086	0.130	0.178	0.206	0.218	0.215	0.218	0.237	0.194	0.241	0.195	0.084	0.085	0.148	0.215	0.215	0.225	0.228	0.226	0.229	0.231	0.243	0.242	0.084	0.091	0.153	0.217	0.219	0.239	0.230	0.235	0.238	0.225	0.242	0.245	0.085	0.089	0.190	0.215	0.230	0.230	0.232	0.237	0.240	0.239	0.249	0.247	0.088	0.109	0.197	0.225	0.234	0.240	0.243	0.249	0.251	0.245	0.252	0.244	0.104	0.204	0.229	0.241	0.232	0.243	0.249	0.252	0.253	0.248	0.257	0.260
3:40:07	0.077	0.082	0.129	0.193	0.205	0.220	0.209	0.226	0.227	0.229	0.234	0.241	0.082	0.086	0.140	0.203	0.189	0.216	0.220	0.223	0.225	0.241	0.243	0.240	0.082	0.086	0.133	0.184	0.212	0.223	0.221	0.224	0.243	0.200	0.247	0.202	0.084	0.086	0.152	0.221	0.221	0.231	0.235	0.232	0.234	0.238	0.250	0.248	0.085	0.092	0.157	0.224	0.225	0.245	0.236	0.242	0.244	0.232	0.248	0.251	0.085	0.089	0.195	0.221	0.236	0.237	0.239	0.243	0.247	0.246	0.255	0.253	0.089	0.111	0.202	0.231	0.241	0.247	0.250	0.256	0.258	0.252	0.259	0.250	0.106	0.209	0.235	0.249	0.239	0.250	0.256	0.258	0.259	0.255	0.263	0.266
3:50:07	0.077	0.083	0.131	0.197	0.210	0.225	0.214	0.232	0.232	0.234	0.240	0.247	0.082	0.086	0.143	0.208	0.194	0.221	0.226	0.228	0.230	0.247	0.249	0.245	0.083	0.086	0.136	0.189	0.218	0.229	0.227	0.229	0.249	0.205	0.253	0.208	0.085	0.086	0.156	0.227	0.227	0.237	0.241	0.238	0.240	0.243	0.256	0.254	0.085	0.092	0.161	0.229	0.231	0.252	0.242	0.248	0.250	0.238	0.254	0.257	0.086	0.090	0.200	0.227	0.242	0.243	0.245	0.249	0.253	0.253	0.261	0.259	0.089	0.112	0.207	0.237	0.247	0.253	0.256	0.262	0.264	0.258	0.265	0.256	0.107	0.215	0.241	0.256	0.245	0.257	0.262	0.265	0.264	0.261	0.270	0.271
4:00:07	0.077	0.083	0.133	0.202	0.215	0.230	0.219	0.236	0.237	0.240	0.245	0.252	0.083	0.086	0.146	0.213	0.199	0.226	0.231	0.233	0.235	0.252	0.254	0.251	0.083	0.086	0.139	0.195	0.223	0.234	0.233	0.235	0.255	0.211	0.258	0.215	0.085	0.086	0.160	0.232	0.233	0.242	0.247	0.244	0.246	0.249	0.262	0.259	0.086	0.092	0.164	0.235	0.237	0.258	0.248	0.254	0.256	0.245	0.260	0.263	0.086	0.090	0.205	0.233	0.248	0.249	0.251	0.255	0.259	0.259	0.267	0.264	0.090	0.114	0.213	0.243	0.253	0.259	0.262	0.268	0.270	0.264	0.272	0.262	0.109	0.220	0.247	0.265	0.252	0.264	0.268	0.272	0.271	0.267	0.276	0.277
4:10:07	0.077	0.083	0.135	0.207	0.220	0.235	0.224	0.242	0.242	0.244	0.249	0.257	0.083	0.086	0.148	0.218	0.204	0.231	0.236	0.238	0.241	0.257	0.259	0.256	0.084	0.087	0.142	0.200	0.229	0.240	0.239	0.241	0.260	0.217	0.264	0.221	0.086	0.087	0.165	0.238	0.239	0.249	0.253	0.250	0.252	0.255	0.269	0.265	0.086	0.094	0.168	0.241	0.243	0.264	0.255	0.261	0.263	0.252	0.266	0.269	0.087	0.091	0.211	0.239	0.254	0.255	0.258	0.261	0.264	0.266	0.273	0.270	0.091	0.116	0.218	0.250	0.259	0.265	0.269	0.275	0.276	0.270	0.277	0.268	0.111	0.225	0.253	0.274	0.259	0.272	0.274	0.279	0.276	0.273	0.282	0.283
4:20:07	0.078	0.083	0.137	0.211	0.225	0.241	0.229	0.247	0.247	0.250	0.255	0.262	0.084	0.087	0.152	0.223	0.209	0.237	0.242	0.244	0.247	0.263	0.265	0.261	0.085	0.088	0.145	0.206	0.235	0.247	0.245	0.246	0.266	0.223	0.271	0.228	0.088	0.088	0.169	0.244	0.245	0.254	0.260	0.256	0.258	0.262	0.275	0.271	0.088	0.095	0.172	0.247	0.249	0.270	0.261	0.268	0.270	0.259	0.273	0.276	0.088	0.093	0.217	0.246	0.260	0.262	0.264	0.267	0.272	0.274	0.280	0.276	0.092	0.118	0.224	0.256	0.265	0.271	0.275	0.281	0.283	0.275	0.283	0.274	0.114	0.231	0.260	0.286	0.266	0.281	0.281	0.286	0.283	0.279	0.288	0.290
4:30:07	0.079	0.084	0.140	0.215	0.229	0.246	0.234	0.252	0.252	0.254	0.260	0.267	0.085	0.088	0.155	0.228	0.213	0.242	0.247	0.249	0.252	0.268	0.271	0.267	0.087	0.089	0.149	0.212	0.240	0.253	0.251	0.252	0.272	0.229	0.277	0.235	0.090	0.090	0.175	0.251	0.252	0.261	0.266	0.262	0.264	0.268	0.281	0.277	0.089	0.097	0.176	0.253	0.256	0.276	0.267	0.275	0.276	0.266	0.279	0.282	0.089	0.095	0.223	0.252	0.267	0.268	0.272	0.273	0.279	0.282	0.285	0.282	0.094	0.121	0.231	0.262	0.271	0.277	0.281	0.288	0.289	0.281	0.289	0.281	0.117	0.236	0.268	0.299	0.273	0.290	0.288	0.294	0.289	0.286	0.295	0.296
4:40:07	0.079	0.085	0.142	0.220	0.234	0.251	0.239	0.257	0.257	0.258	0.265	0.273	0.086	0.089	0.158	0.233	0.219	0.248	0.253	0.254	0.258	0.274	0.276	0.273	0.089	0.091	0.153	0.218	0.247	0.260	0.257	0.258	0.278	0.236	0.284	0.242	0.093	0.092	0.181	0.258	0.259	0.268	0.272	0.269	0.270	0.275	0.288	0.284	0.092	0.100	0.181	0.260	0.262	0.283	0.274	0.282	0.283	0.273	0.285	0.290	0.092	0.098	0.230	0.259	0.274	0.276	0.278	0.280	0.286	0.290	0.293	0.289	0.097	0.124	0.237	0.269	0.278	0.284	0.288	0.296	0.297	0.288	0.296	0.288	0.122	0.242	0.277	0.316	0.282	0.303	0.295	0.303	0.297	0.292	0.303	0.304
4:50:07	0.080	0.085	0.145	0.224	0.239	0.257	0.244	0.262	0.261	0.264	0.270	0.278	0.087	0.091	0.162	0.239	0.225	0.254	0.259	0.259	0.264	0.280	0.282	0.279	0.092	0.094	0.158	0.226	0.254	0.268	0.265	0.266	0.284	0.244	0.292	0.250	0.097	0.095	0.188	0.266	0.267	0.275	0.279	0.276	0.278	0.284	0.295	0.291	0.095	0.104	0.187	0.267	0.270	0.290	0.282	0.291	0.291	0.281	0.293	0.298	0.095	0.101	0.237	0.266	0.281	0.285	0.286	0.289	0.294	0.300	0.301	0.296	0.102	0.129	0.245	0.277	0.285	0.291	0.297	0.304	0.305	0.297	0.304	0.297	0.127	0.250	0.288	0.336	0.291	0.317	0.302	0.314	0.306	0.300	0.310	0.312
5:00:07	0.082	0.087	0.148	0.230	0.245	0.262	0.249	0.267	0.266	0.268	0.276	0.283	0.090	0.093	0.166	0.245	0.231	0.260	0.266	0.266	0.271	0.286	0.289	0.285	0.097	0.098	0.164	0.234	0.262	0.276	0.273	0.275	0.291	0.252	0.301	0.259	0.103	0.100	0.197	0.276	0.275	0.284	0.288	0.285	0.287	0.294	0.304	0.300	0.100	0.110	0.194	0.276	0.279	0.299	0.291	0.302	0.301	0.290	0.301	0.307	0.100	0.107	0.247	0.275	0.291	0.294	0.296	0.299	0.304	0.311	0.310	0.305	0.108	0.135	0.254	0.287	0.294	0.300	0.307	0.314	0.314	0.307	0.313	0.308	0.135	0.259	0.301	0.361	0.301	0.333	0.312	0.326	0.316	0.309	0.321	0.321
5:10:07	0.084	0.089	0.152	0.236	0.250	0.268	0.255	0.273	0.272	0.274	0.281	0.288	0.093	0.096	0.172	0.252	0.238	0.268	0.272	0.273	0.277	0.293	0.295	0.292	0.103	0.103	0.172	0.243	0.271	0.287	0.282	0.284	0.299	0.262	0.313	0.270	0.112	0.107	0.208	0.287	0.286	0.294	0.298	0.296	0.297	0.304	0.314	0.311	0.107	0.118	0.203	0.287	0.291	0.310	0.302	0.314	0.313	0.301	0.311	0.319	0.107	0.114	0.257	0.286	0.303	0.306	0.308	0.311	0.315	0.326	0.322	0.317	0.117	0.143	0.265	0.299	0.304	0.311	0.319	0.325	0.326	0.318	0.325	0.320	0.144	0.271	0.318	0.390	0.315	0.353	0.324	0.341	0.328	0.320	0.332	0.333
5:20:07	0.086	0.092	0.156	0.242	0.257	0.273	0.261	0.280	0.279	0.280	0.288	0.294	0.098	0.101	0.178	0.259	0.246	0.276	0.280	0.280	0.285	0.301	0.303	0.300	0.112	0.111	0.183	0.255	0.282	0.299	0.295	0.296	0.309	0.275	0.325	0.283	0.124	0.116	0.222	0.301	0.299	0.307	0.310	0.309	0.309	0.318	0.327	0.324	0.116	0.128	0.214	0.299	0.305	0.323	0.315	0.328	0.326	0.315	0.324	0.332	0.116	0.124	0.271	0.299	0.317	0.321	0.324	0.325	0.329	0.342	0.337	0.331	0.128	0.154	0.278	0.313	0.317	0.324	0.332	0.340	0.341	0.332	0.338	0.334	0.157	0.284	0.339	0.422	0.332	0.376	0.338	0.358	0.343	0.333	0.347	0.346
5:30:07	0.090	0.096	0.162	0.249	0.264	0.279	0.268	0.287	0.286	0.286	0.295	0.301	0.103	0.107	0.187	0.269	0.256	0.286	0.290	0.290	0.293	0.309	0.314	0.311	0.123	0.121	0.196	0.269	0.297	0.314	0.309	0.311	0.320	0.289	0.341	0.298	0.137	0.127	0.238	0.317	0.315	0.322	0.324	0.324	0.324	0.335	0.342	0.340	0.128	0.141	0.228	0.315	0.321	0.338	0.330	0.343	0.342	0.332	0.339	0.347	0.128	0.137	0.286	0.315	0.333	0.337	0.340	0.341	0.345	0.360	0.352	0.345	0.141	0.168	0.295	0.330	0.332	0.340	0.348	0.356	0.356	0.348	0.354	0.349	0.173	0.299	0.361	0.454	0.350	0.401	0.354	0.377	0.358	0.347	0.363	0.361
5:40:07	0.096	0.102	0.170	0.258	0.273	0.288	0.276	0.296	0.296	0.295	0.302	0.309	0.113	0.116	0.198	0.281	0.267	0.298	0.302	0.300	0.305	0.321	0.326	0.323	0.138	0.133	0.211	0.285	0.313	0.331	0.325	0.327	0.335	0.304	0.357	0.316	0.153	0.142	0.255	0.335	0.332	0.339	0.340	0.339	0.341	0.350	0.357	0.356	0.142	0.155	0.244	0.331	0.339	0.354	0.347	0.361	0.359	0.349	0.356	0.364	0.140	0.151	0.303	0.331	0.351	0.353	0.359	0.356	0.360	0.380	0.370	0.362	0.156	0.184	0.312	0.347	0.348	0.357	0.364	0.374	0.372	0.365	0.370	0.367	0.189	0.316	0.386	0.487	0.369	0.428	0.371	0.398	0.374	0.363	0.380	0.379
5:50:07	0.104	0.111	0.180	0.270	0.282	0.298	0.287	0.306	0.308	0.305	0.312	0.318	0.124	0.128	0.212	0.296	0.281	0.313	0.316	0.313	0.318	0.334	0.341	0.337	0.155	0.147	0.227	0.303	0.331	0.349	0.342	0.344	0.349	0.321	0.377	0.334	0.171	0.157	0.273	0.354	0.350	0.357	0.358	0.356	0.359	0.369	0.375	0.373	0.157	0.170	0.262	0.349	0.359	0.371	0.365	0.380	0.377	0.369	0.373	0.383	0.156	0.167	0.322	0.349	0.371	0.372	0.379	0.375	0.379	0.401	0.390	0.380	0.174	0.202	0.332	0.367	0.366	0.377	0.384	0.392	0.390	0.384	0.388	0.386	0.208	0.335	0.412	0.521	0.390	0.457	0.391	0.421	0.395	0.380	0.401	0.399
6:00:07	0.115	0.122	0.192	0.284	0.295	0.310	0.299	0.320	0.324	0.320	0.324	0.331	0.136	0.141	0.227	0.313	0.297	0.328	0.331	0.328	0.331	0.348	0.357	0.352	0.175	0.163	0.247	0.323	0.351	0.369	0.363	0.364	0.367	0.339	0.398	0.354	0.193	0.175	0.296	0.377	0.371	0.378	0.377	0.375	0.381	0.391	0.396	0.393	0.175	0.190	0.281	0.370	0.381	0.392	0.385	0.404	0.398	0.393	0.395	0.404	0.174	0.187	0.344	0.371	0.394	0.395	0.404	0.396	0.399	0.428	0.414	0.403	0.196	0.225	0.355	0.390	0.388	0.400	0.406	0.415	0.413	0.406	0.410	0.410	0.231	0.360	0.441	0.555	0.414	0.491	0.412	0.449	0.417	0.402	0.424	0.423
6:10:07	0.128	0.135	0.206	0.299	0.310	0.324	0.314	0.335	0.336	0.331	0.338	0.345	0.149	0.157	0.244	0.331	0.314	0.345	0.348	0.345	0.348	0.364	0.375	0.370	0.198	0.182	0.269	0.344	0.375	0.392	0.387	0.390	0.387	0.360	0.423	0.379	0.217	0.196	0.321	0.402	0.395	0.403	0.400	0.398	0.406	0.414	0.418	0.414	0.197	0.212	0.306	0.394	0.406	0.416	0.408	0.430	0.422	0.421	0.419	0.430	0.196	0.209	0.369	0.396	0.419	0.421	0.431	0.418	0.422	0.458	0.440	0.427	0.219	0.251	0.380	0.414	0.412	0.424	0.431	0.440	0.438	0.431	0.435	0.433	0.256	0.386	0.470	0.588	0.440	0.525	0.437	0.475	0.441	0.426	0.452	0.449
6:20:07	0.143	0.150	0.224	0.317	0.327	0.340	0.329	0.352	0.350	0.345	0.353	0.358	0.166	0.175	0.265	0.351	0.334	0.365	0.367	0.364	0.367	0.382	0.396	0.391	0.226	0.204	0.296	0.369	0.403	0.418	0.410	0.417	0.410	0.381	0.452	0.406	0.241	0.220	0.346	0.426	0.419	0.426	0.424	0.420	0.432	0.438	0.442	0.440	0.221	0.233	0.332	0.420	0.431	0.441	0.433	0.455	0.447	0.448	0.446	0.455	0.219	0.231	0.394	0.422	0.447	0.449	0.461	0.442	0.449	0.491	0.468	0.452	0.245	0.278	0.408	0.439	0.438	0.449	0.457	0.464	0.462	0.456	0.458	0.458	0.281	0.414	0.500	0.622	0.465	0.558	0.461	0.507	0.466	0.451	0.479	0.476
6:30:07	0.159	0.169	0.245	0.337	0.345	0.357	0.346	0.372	0.368	0.359	0.369	0.375	0.186	0.196	0.287	0.374	0.356	0.388	0.388	0.386	0.387	0.401	0.417	0.412	0.244	0.224	0.326	0.393	0.428	0.443	0.433	0.442	0.433	0.400	0.469	0.428	0.262	0.239	0.373	0.451	0.442	0.447	0.448	0.440	0.456	0.463	0.462	0.457	0.237	0.254	0.356	0.441	0.455	0.465	0.455	0.477	0.471	0.474	0.469	0.478	0.241	0.252	0.417	0.450	0.470	0.471	0.486	0.464	0.470	0.519	0.495	0.472	0.268	0.300	0.434	0.464	0.468	0.476	0.484	0.489	0.484	0.482	0.485	0.482	0.307	0.436	0.528	0.652	0.489	0.588	0.484	0.537	0.491	0.478	0.504	0.500
6:40:07	0.182	0.191	0.268	0.363	0.365	0.378	0.366	0.395	0.393	0.380	0.388	0.394	0.203	0.217	0.309	0.398	0.383	0.413	0.408	0.412	0.411	0.420	0.439	0.437	0.275	0.245	0.349	0.416	0.449	0.464	0.456	0.474	0.455	0.424	0.496	0.454	0.284	0.263	0.402	0.474	0.467	0.474	0.473	0.464	0.482	0.488	0.487	0.481	0.260	0.278	0.380	0.467	0.479	0.485	0.479	0.505	0.493	0.501	0.493	0.502	0.266	0.275	0.440	0.474	0.495	0.501	0.518	0.485	0.493	0.547	0.523	0.496	0.290	0.327	0.459	0.487	0.495	0.503	0.510	0.514	0.510	0.508	0.510	0.507	0.332	0.467	0.550	0.682	0.516	0.618	0.510	0.567	0.519	0.506	0.534	0.528
6:50:07	0.206	0.219	0.291	0.391	0.393	0.401	0.389	0.421	0.417	0.405	0.410	0.416	0.220	0.241	0.330	0.423	0.405	0.438	0.428	0.435	0.433	0.440	0.462	0.457	0.302	0.265	0.376	0.444	0.477	0.489	0.480	0.506	0.480	0.449	0.524	0.483	0.306	0.292	0.429	0.502	0.493	0.498	0.502	0.486	0.511	0.512	0.514	0.504	0.284	0.299	0.404	0.495	0.504	0.509	0.503	0.532	0.519	0.528	0.521	0.525	0.291	0.295	0.464	0.503	0.519	0.528	0.550	0.509	0.519	0.577	0.547	0.519	0.312	0.354	0.485	0.512	0.527	0.529	0.538	0.537	0.536	0.535	0.535	0.531	0.353	0.496	0.574	0.711	0.539	0.645	0.537	0.595	0.547	0.535	0.563	0.558
7:00:07	0.234	0.240	0.321	0.415	0.414	0.428	0.412	0.446	0.446	0.432	0.435	0.436	0.241	0.266	0.357	0.449	0.433	0.465	0.451	0.459	0.455	0.462	0.481	0.484	0.326	0.285	0.403	0.471	0.502	0.513	0.504	0.535	0.505	0.472	0.548	0.509	0.330	0.317	0.453	0.525	0.517	0.523	0.531	0.509	0.537	0.534	0.538	0.526	0.306	0.318	0.429	0.517	0.528	0.531	0.528	0.555	0.542	0.550	0.549	0.552	0.318	0.316	0.487	0.530	0.541	0.555	0.577	0.531	0.541	0.606	0.572	0.539	0.333	0.379	0.509	0.533	0.557	0.553	0.564	0.559	0.559	0.563	0.558	0.553	0.373	0.524	0.597	0.738	0.563	0.670	0.563	0.620	0.572	0.563	0.589	0.585
7:10:07	0.269	0.268	0.353	0.442	0.437	0.449	0.438	0.474	0.470	0.458	0.462	0.460	0.260	0.290	0.383	0.475	0.460	0.494	0.472	0.488	0.484	0.486	0.502	0.508	0.351	0.303	0.429	0.494	0.522	0.532	0.524	0.565	0.527	0.493	0.571	0.529	0.351	0.345	0.477	0.546	0.538	0.545	0.558	0.528	0.561	0.554	0.560	0.546	0.327	0.337	0.451	0.539	0.549	0.550	0.550	0.578	0.563	0.571	0.575	0.579	0.343	0.336	0.510	0.553	0.564	0.580	0.601	0.552	0.563	0.632	0.598	0.559	0.354	0.402	0.533	0.553	0.584	0.575	0.589	0.579	0.581	0.585	0.579	0.573	0.394	0.551	0.617	0.764	0.587	0.696	0.587	0.647	0.597	0.590	0.612	0.610
7:20:07	0.295	0.294	0.388	0.473	0.465	0.479	0.462	0.503	0.502	0.486	0.492	0.489	0.276	0.311	0.408	0.500	0.483	0.520	0.491	0.514	0.510	0.509	0.521	0.527	0.377	0.323	0.455	0.519	0.540	0.552	0.546	0.597	0.548	0.516	0.595	0.552	0.374	0.375	0.500	0.569	0.559	0.567	0.584	0.548	0.586	0.575	0.583	0.568	0.348	0.356	0.472	0.561	0.570	0.570	0.572	0.599	0.585	0.591	0.599	0.606	0.364	0.354	0.534	0.576	0.585	0.605	0.624	0.571	0.584	0.660	0.623	0.580	0.373	0.425	0.557	0.574	0.609	0.594	0.612	0.599	0.602	0.607	0.600	0.590	0.415	0.577	0.638	0.787	0.612	0.720	0.612	0.670	0.619	0.615	0.636	0.634
7:30:07	0.321	0.324	0.415	0.501	0.492	0.506	0.488	0.533	0.534	0.511	0.523	0.517	0.293	0.335	0.431	0.525	0.506	0.546	0.510	0.539	0.535	0.530	0.539	0.547	0.400	0.344	0.483	0.545	0.561	0.574	0.568	0.632	0.570	0.539	0.619	0.576	0.397	0.407	0.521	0.594	0.580	0.590	0.607	0.569	0.608	0.596	0.606	0.591	0.369	0.372	0.492	0.581	0.591	0.590	0.594	0.623	0.604	0.612	0.621	0.637	0.385	0.372	0.555	0.596	0.607	0.628	0.644	0.592	0.604	0.684	0.648	0.601	0.391	0.444	0.580	0.593	0.631	0.610	0.634	0.618	0.620	0.628	0.620	0.611	0.436	0.600	0.658	0.811	0.636	0.742	0.636	0.694	0.640	0.637	0.656	0.657
7:40:07	0.345	0.354	0.445	0.528	0.517	0.530	0.512	0.560	0.567	0.536	0.553	0.538	0.313	0.359	0.457	0.550	0.529	0.576	0.530	0.564	0.558	0.554	0.557	0.570	0.423	0.366	0.508	0.572	0.582	0.595	0.590	0.665	0.592	0.564	0.640	0.597	0.417	0.439	0.543	0.620	0.604	0.614	0.630	0.589	0.627	0.619	0.628	0.612	0.389	0.391	0.513	0.600	0.611	0.608	0.613	0.644	0.625	0.634	0.640	0.671	0.403	0.393	0.577	0.617	0.627	0.649	0.660	0.610	0.625	0.707	0.673	0.621	0.409	0.463	0.602	0.612	0.653	0.627	0.652	0.636	0.638	0.652	0.640	0.627	0.457	0.621	0.677	0.834	0.660	0.762	0.660	0.717	0.658	0.659	0.678	0.680
7:50:07	0.371	0.385	0.475	0.556	0.541	0.559	0.537	0.586	0.602	0.563	0.581	0.563	0.335	0.381	0.481	0.575	0.551	0.602	0.548	0.589	0.582	0.577	0.575	0.592	0.437	0.386	0.534	0.599	0.603	0.616	0.612	0.696	0.614	0.589	0.661	0.619	0.435	0.470	0.560	0.645	0.619	0.635	0.650	0.607	0.646	0.639	0.648	0.631	0.408	0.409	0.533	0.618	0.629	0.624	0.633	0.665	0.642	0.654	0.658	0.693	0.416	0.409	0.597	0.634	0.647	0.667	0.678	0.628	0.642	0.731	0.697	0.644	0.428	0.478	0.622	0.629	0.673	0.642	0.672	0.655	0.653	0.676	0.658	0.642	0.476	0.639	0.692	0.852	0.684	0.781	0.682	0.741	0.675	0.680	0.699	0.701
8:00:07	0.394	0.416	0.503	0.585	0.564	0.586	0.561	0.613	0.643	0.593	0.612	0.591	0.357	0.402	0.505	0.599	0.572	0.629	0.570	0.615	0.605	0.599	0.594	0.614	0.449	0.407	0.557	0.626	0.624	0.638	0.629	0.725	0.635	0.605	0.678	0.637	0.451	0.499	0.573	0.668	0.639	0.654	0.666	0.626	0.661	0.660	0.665	0.657	0.423	0.423	0.553	0.630	0.648	0.642	0.648	0.686	0.661	0.678	0.675	0.704	0.428	0.420	0.617	0.650	0.666	0.684	0.695	0.645	0.657	0.749	0.720	0.662	0.442	0.489	0.643	0.643	0.694	0.655	0.684	0.674	0.664	0.697	0.676	0.651	0.494	0.652	0.705	0.865	0.697	0.795	0.696	0.757	0.689	0.695	0.715	0.713
8:10:07	0.419	0.446	0.529	0.612	0.585	0.614	0.585	0.640	0.682	0.623	0.640	0.617	0.379	0.420	0.525	0.622	0.593	0.652	0.587	0.638	0.627	0.620	0.612	0.636	0.464	0.425	0.582	0.650	0.640	0.657	0.641	0.755	0.656	0.621	0.692	0.653	0.461	0.511	0.588	0.685	0.653	0.670	0.680	0.637	0.672	0.678	0.677	0.675	0.435	0.435	0.573	0.641	0.661	0.655	0.661	0.702	0.676	0.702	0.687	0.714	0.438	0.429	0.631	0.663	0.676	0.695	0.708	0.661	0.671	0.764	0.741	0.677	0.455	0.500	0.660	0.655	0.707	0.665	0.692	0.692	0.675	0.712	0.693	0.657	0.513	0.662	0.715	0.871	0.705	0.809	0.709	0.771	0.700	0.706	0.727	0.727
8:20:07	0.443	0.463	0.551	0.637	0.604	0.639	0.607	0.669	0.723	0.656	0.670	0.644	0.406	0.439	0.539	0.648	0.616	0.677	0.609	0.661	0.649	0.641	0.632	0.656	0.474	0.439	0.599	0.670	0.655	0.673	0.657	0.783	0.678	0.636	0.705	0.669	0.471	0.518	0.599	0.701	0.666	0.686	0.694	0.650	0.684	0.696	0.689	0.694	0.441	0.442	0.589	0.650	0.671	0.669	0.668	0.710	0.689	0.720	0.699	0.721	0.442	0.434	0.646	0.674	0.689	0.700	0.722	0.673	0.680	0.777	0.756	0.683	0.459	0.510	0.673	0.667	0.719	0.677	0.700	0.704	0.687	0.722	0.710	0.665	0.528	0.669	0.722	0.870	0.711	0.818	0.721	0.784	0.710	0.717	0.737	0.739
8:30:07	0.462	0.473	0.566	0.658	0.622	0.653	0.622	0.692	0.762	0.685	0.694	0.667	0.429	0.453	0.551	0.668	0.637	0.692	0.625	0.678	0.667	0.653	0.649	0.672	0.480	0.443	0.608	0.674	0.665	0.688	0.667	0.811	0.699	0.647	0.709	0.679	0.475	0.524	0.605	0.714	0.679	0.698	0.705	0.662	0.690	0.703	0.692	0.712	0.440	0.446	0.600	0.655	0.674	0.679	0.671	0.715	0.697	0.734	0.703	0.729	0.443	0.435	0.656	0.680	0.693	0.705	0.727	0.680	0.684	0.781	0.769	0.687	0.461	0.514	0.680	0.676	0.727	0.684	0.704	0.710	0.693	0.726	0.716	0.669	0.538	0.668	0.727	0.871	0.717	0.824	0.729	0.791	0.713	0.721	0.736	0.743
8:40:07	0.466	0.481	0.574	0.671	0.634	0.663	0.635	0.702	0.822	0.703	0.709	0.687	0.435	0.459	0.563	0.681	0.651	0.697	0.632	0.690	0.679	0.664	0.664	0.682	0.485	0.445	0.613	0.679	0.670	0.695	0.672	0.834	0.710	0.651	0.712	0.683	0.477	0.529	0.611	0.720	0.686	0.701	0.712	0.669	0.692	0.710	0.695	0.719	0.441	0.449	0.605	0.658	0.678	0.682	0.674	0.721	0.699	0.740	0.707	0.733	0.444	0.437	0.661	0.684	0.696	0.710	0.733	0.685	0.684	0.787	0.781	0.693	0.464	0.518	0.681	0.680	0.734	0.690	0.707	0.713	0.697	0.727	0.721	0.670	0.544	0.669	0.725	0.870	0.722	0.826	0.734	0.793	0.715	0.723	0.745	0.749
8:50:07	0.468	0.485	0.575	0.677	0.637	0.667	0.645	0.711	0.851	0.718	0.715	0.702	0.439	0.461	0.575	0.687	0.656	0.701	0.637	0.696	0.685	0.668	0.669	0.690	0.490	0.448	0.617	0.683	0.673	0.700	0.675	0.847	0.717	0.654	0.713	0.685	0.478	0.530	0.618	0.723	0.691	0.704	0.716	0.673	0.693	0.715	0.696	0.724	0.441	0.452	0.610	0.660	0.679	0.688	0.677	0.726	0.703	0.747	0.709	0.731	0.445	0.439	0.665	0.687	0.698	0.714	0.737	0.690	0.686	0.791	0.788	0.696	0.468	0.522	0.685	0.684	0.737	0.692	0.710	0.716	0.700	0.728	0.726	0.672	0.552	0.670	0.725	0.869	0.723	0.828	0.736	0.794	0.716	0.726	0.746	0.753
9:00:07	0.472	0.488	0.577	0.682	0.641	0.669	0.654	0.718	0.854	0.722	0.714	0.714	0.444	0.462	0.580	0.693	0.661	0.703	0.640	0.702	0.689	0.668	0.671	0.698	0.496	0.452	0.622	0.688	0.677	0.704	0.678	0.854	0.725	0.659	0.716	0.688	0.480	0.528	0.625	0.725	0.697	0.707	0.720	0.677	0.695	0.723	0.696	0.729	0.442	0.456	0.616	0.662	0.683	0.693	0.681	0.731	0.707	0.752	0.711	0.731	0.448	0.443	0.670	0.690	0.700	0.719	0.741	0.695	0.688	0.794	0.796	0.701	0.471	0.525	0.687	0.687	0.739	0.695	0.711	0.719	0.703	0.728	0.730	0.674	0.560	0.673	0.726	0.867	0.723	0.830	0.740	0.797	0.717	0.730	0.754	0.757
9:10:07	0.474	0.487	0.578	0.686	0.645	0.672	0.660	0.723	0.850	0.726	0.711	0.726	0.449	0.463	0.584	0.699	0.665	0.704	0.644	0.707	0.691	0.670	0.673	0.705	0.501	0.456	0.627	0.693	0.681	0.708	0.684	0.864	0.655	0.662	0.718	0.691	0.482	0.527	0.633	0.728	0.702	0.712	0.725	0.681	0.698	0.729	0.699	0.731	0.443	0.460	0.621	0.664	0.687	0.699	0.685	0.735	0.713	0.760	0.715	0.730	0.452	0.445	0.674	0.693	0.704	0.725	0.746	0.700	0.691	0.796	0.804	0.708	0.475	0.529	0.690	0.690	0.740	0.696	0.712	0.722	0.708	0.729	0.733	0.676	0.568	0.676	0.727	0.863	0.721	0.831	0.743	0.798	0.721	0.737	0.756	0.764
9:20:07	0.477	0.487	0.580	0.691	0.649	0.675	0.669	0.727	0.845	0.729	0.709	0.738	0.453	0.467	0.589	0.704	0.672	0.708	0.648	0.712	0.694	0.672	0.678	0.713	0.505	0.461	0.633	0.700	0.685	0.712	0.688	0.871	0.659	0.667	0.720	0.693	0.485	0.527	0.643	0.730	0.707	0.716	0.729	0.687	0.700	0.735	0.705	0.735	0.445	0.465	0.626	0.667	0.691	0.703	0.688	0.741	0.718	0.765	0.716	0.730	0.455	0.450	0.680	0.697	0.707	0.731	0.751	0.705	0.693	0.799	0.811	0.713	0.479	0.534	0.693	0.692	0.743	0.699	0.715	0.725	0.713	0.731	0.738	0.678	0.577	0.680	0.727	0.859	0.718	0.835	0.748	0.800	0.724	0.742	0.762	0.769
9:30:07	0.479	0.486	0.582	0.695	0.653	0.680	0.678	0.733	0.838	0.732	0.708	0.753	0.455	0.473	0.595	0.708	0.678	0.710	0.652	0.715	0.696	0.672	0.681	0.723	0.510	0.465	0.640	0.706	0.691	0.715	0.692	0.877	0.664	0.671	0.722	0.696	0.487	0.529	0.648	0.733	0.712	0.719	0.734	0.691	0.703	0.743	0.707	0.738	0.447	0.470	0.632	0.670	0.695	0.710	0.692	0.745	0.723	0.772	0.719	0.731	0.459	0.455	0.686	0.701	0.713	0.737	0.756	0.713	0.693	0.803	0.815	0.720	0.482	0.538	0.696	0.694	0.745	0.703	0.717	0.727	0.717	0.733	0.742	0.681	0.586	0.684	0.727	0.853	0.716	0.839	0.753	0.803	0.729	0.749	0.768	0.775
9:40:07	0.482	0.487	0.586	0.700	0.659	0.685	0.686	0.739	0.835	0.735	0.709	0.767	0.454	0.478	0.600	0.715	0.688	0.714	0.656	0.719	0.699	0.672	0.690	0.734	0.516	0.469	0.647	0.713	0.695	0.719	0.696	0.882	0.671	0.678	0.725	0.698	0.490	0.531	0.657	0.735	0.718	0.723	0.739	0.697	0.705	0.748	0.710	0.739	0.449	0.475	0.637	0.672	0.701	0.715	0.696	0.750	0.727	0.778	0.723	0.733	0.464	0.461	0.692	0.707	0.716	0.743	0.763	0.720	0.696	0.806	0.816	0.728	0.487	0.544	0.700	0.699	0.747	0.707	0.720	0.731	0.721	0.734	0.744	0.683	0.595	0.689	0.728	0.851	0.716	0.843	0.759	0.808	0.732	0.756	0.776	0.782
9:50:07	0.486	0.489	0.590	0.705	0.666	0.692	0.694	0.744	0.834	0.734	0.709	0.774	0.453	0.485	0.605	0.723	0.698	0.718	0.660	0.723	0.701	0.674	0.699	0.744	0.522	0.476	0.656	0.718	0.700	0.723	0.700	0.887	0.677	0.682	0.728	0.701	0.493	0.535	0.666	0.738	0.721	0.728	0.742	0.700	0.709	0.755	0.714	0.743	0.452	0.479	0.643	0.675	0.708	0.721	0.703	0.754	0.733	0.785	0.727	0.739	0.469	0.468	0.696	0.711	0.720	0.751	0.769	0.727	0.697	0.810	0.825	0.738	0.491	0.549	0.704	0.702	0.750	0.711	0.723	0.736	0.727	0.736	0.749	0.686	0.605	0.693	0.729	0.846	0.715	0.848	0.764	0.812	0.736	0.763	0.782	0.790
10:00:07	0.490	0.493	0.595	0.710	0.671	0.699	0.703	0.750	0.834	0.737	0.712	0.783	0.452	0.497	0.612	0.730	0.709	0.725	0.667	0.728	0.704	0.678	0.710	0.756	0.527	0.482	0.663	0.725	0.706	0.728	0.706	0.892	0.684	0.690	0.732	0.704	0.496	0.540	0.676	0.742	0.726	0.731	0.747	0.707	0.714	0.760	0.719	0.748	0.455	0.486	0.651	0.679	0.712	0.726	0.708	0.758	0.738	0.793	0.729	0.748	0.475	0.475	0.702	0.717	0.726	0.758	0.775	0.733	0.701	0.813	0.827	0.748	0.496	0.555	0.708	0.706	0.752	0.716	0.728	0.743	0.734	0.739	0.754	0.687	0.614	0.698	0.731	0.843	0.715	0.850	0.771	0.817	0.738	0.774	0.789	0.794
10:10:07	0.494	0.497	0.598	0.715	0.677	0.707	0.713	0.754	0.838	0.742	0.714	0.795	0.451	0.508	0.618	0.741	0.721	0.733	0.671	0.732	0.708	0.680	0.720	0.767	0.533	0.490	0.670	0.732	0.711	0.731	0.710	0.895	0.691	0.697	0.736	0.705	0.499	0.546	0.687	0.746	0.731	0.735	0.751	0.715	0.717	0.765	0.724	0.751	0.460	0.491	0.658	0.682	0.718	0.731	0.712	0.762	0.742	0.799	0.734	0.759	0.483	0.484	0.707	0.723	0.732	0.766	0.781	0.736	0.704	0.817	0.834	0.758	0.500	0.561	0.712	0.709	0.754	0.721	0.732	0.748	0.741	0.742	0.758	0.690	0.619	0.704	0.735	0.840	0.716	0.855	0.778	0.822	0.741	0.787	0.800	0.802
10:20:07	0.499	0.503	0.604	0.722	0.688	0.717	0.722	0.758	0.840	0.744	0.717	0.806	0.453	0.521	0.625	0.747	0.734	0.741	0.676	0.737	0.708	0.682	0.728	0.778	0.539	0.497	0.680	0.739	0.716	0.737	0.715	0.896	0.696	0.706	0.740	0.710	0.501	0.552	0.700	0.749	0.735	0.738	0.756	0.721	0.722	0.770	0.729	0.754	0.465	0.497	0.665	0.687	0.725	0.737	0.718	0.769	0.748	0.806	0.738	0.772	0.491	0.494	0.712	0.728	0.738	0.774	0.786	0.742	0.710	0.821	0.839	0.769	0.504	0.569	0.717	0.711	0.755	0.724	0.735	0.755	0.745	0.746	0.761	0.693	0.624	0.710	0.737	0.836	0.715	0.860	0.785	0.827	0.746	0.798	0.809	0.810
10:30:07	0.504	0.510	0.611	0.729	0.697	0.729	0.733	0.761	0.845	0.751	0.722	0.820	0.454	0.535	0.633	0.755	0.748	0.755	0.684	0.743	0.715	0.684	0.738	0.793	0.546	0.507	0.690	0.749	0.721	0.742	0.721	0.900	0.705	0.717	0.744	0.715	0.504	0.561	0.714	0.752	0.738	0.743	0.761	0.728	0.726	0.774	0.735	0.759	0.470	0.504	0.673	0.692	0.731	0.745	0.724	0.777	0.753	0.813	0.741	0.785	0.501	0.506	0.718	0.734	0.744	0.783	0.793	0.749	0.712	0.827	0.843	0.782	0.508	0.577	0.720	0.715	0.757	0.729	0.739	0.764	0.752	0.750	0.766	0.697	0.626	0.717	0.740	0.833	0.715	0.866	0.794	0.832	0.751	0.807	0.822	0.819
10:40:07	0.510	0.516	0.617	0.735	0.707	0.743	0.744	0.765	0.846	0.756	0.728	0.837	0.456	0.549	0.642	0.761	0.763	0.769	0.691	0.749	0.719	0.689	0.745	0.806	0.553	0.515	0.700	0.759	0.727	0.746	0.729	0.900	0.712	0.728	0.750	0.718	0.506	0.567	0.730	0.757	0.741	0.746	0.769	0.736	0.732	0.778	0.740	0.762	0.476	0.512	0.680	0.696	0.738	0.752	0.730	0.784	0.757	0.819	0.745	0.795	0.513	0.518	0.723	0.740	0.750	0.794	0.799	0.756	0.717	0.832	0.845	0.795	0.511	0.586	0.724	0.720	0.760	0.736	0.745	0.771	0.758	0.753	0.771	0.700	0.629	0.724	0.741	0.831	0.714	0.870	0.804	0.833	0.753	0.814	0.832	0.825
10:50:07	0.518	0.524	0.625	0.742	0.719	0.757	0.755	0.770	0.849	0.760	0.730	0.854	0.460	0.564	0.650	0.767	0.778	0.781	0.697	0.755	0.723	0.692	0.754	0.820	0.560	0.525	0.711	0.769	0.733	0.750	0.733	0.900	0.719	0.739	0.754	0.723	0.511	0.576	0.747	0.762	0.744	0.751	0.776	0.747	0.737	0.786	0.746	0.768	0.484	0.520	0.687	0.702	0.744	0.760	0.735	0.795	0.763	0.826	0.747	0.808	0.529	0.533	0.728	0.745	0.757	0.810	0.806	0.762	0.723	0.837	0.848	0.809	0.514	0.595	0.728	0.724	0.762	0.740	0.749	0.779	0.764	0.754	0.772	0.704	0.631	0.731	0.742	0.830	0.714	0.876	0.814	0.836	0.756	0.826	0.848	0.833
11:00:07	0.527	0.531	0.633	0.748	0.728	0.773	0.764	0.774	0.853	0.767	0.737	0.869	0.463	0.578	0.660	0.774	0.794	0.795	0.704	0.761	0.728	0.696	0.763	0.835	0.567	0.535	0.723	0.779	0.738	0.754	0.740	0.902	0.723	0.749	0.758	0.730	0.514	0.583	0.764	0.767	0.748	0.753	0.785	0.759	0.738	0.787	0.750	0.772	0.491	0.526	0.693	0.707	0.749	0.768	0.741	0.808	0.770	0.831	0.750	0.817	0.545	0.548	0.732	0.750	0.762	0.827	0.812	0.766	0.732	0.840	0.848	0.823	0.517	0.605	0.732	0.727	0.764	0.747	0.754	0.787	0.770	0.759	0.775	0.707	0.634	0.736	0.743	0.831	0.716	0.881	0.826	0.836	0.760	0.839	0.859	0.843
11:10:07	0.535	0.539	0.644	0.755	0.739	0.791	0.774	0.781	0.857	0.773	0.743	0.883	0.467	0.593	0.670	0.780	0.808	0.808	0.709	0.767	0.734	0.703	0.773	0.851	0.575	0.546	0.735	0.792	0.744	0.759	0.747	0.905	0.729	0.762	0.766	0.736	0.519	0.590	0.783	0.770	0.752	0.759	0.794	0.771	0.744	0.789	0.753	0.777	0.501	0.534	0.698	0.713	0.757	0.774	0.745	0.821	0.780	0.838	0.752	0.827	0.566	0.565	0.737	0.754	0.767	0.848	0.818	0.771	0.742	0.846	0.851	0.839	0.521	0.617	0.737	0.731	0.769	0.753	0.759	0.800	0.777	0.763	0.776	0.711	0.636	0.743	0.745	0.828	0.717	0.885	0.839	0.840	0.764	0.854	0.874	0.857
11:20:07	0.545	0.545	0.657	0.763	0.749	0.810	0.785	0.786	0.858	0.783	0.750	0.897	0.472	0.606	0.681	0.788	0.822	0.820	0.715	0.773	0.739	0.706	0.783	0.866	0.585	0.558	0.747	0.803	0.750	0.765	0.754	0.906	0.733	0.778	0.772	0.743	0.526	0.597	0.802	0.774	0.757	0.764	0.806	0.785	0.751	0.793	0.757	0.783	0.512	0.542	0.704	0.719	0.767	0.782	0.750	0.834	0.783	0.844	0.755	0.835	0.584	0.580	0.742	0.757	0.774	0.866	0.825	0.775	0.754	0.851	0.847	0.853	0.526	0.630	0.740	0.735	0.771	0.761	0.761	0.812	0.782	0.768	0.778	0.717	0.639	0.749	0.747	0.828	0.720	0.889	0.856	0.842	0.767	0.872	0.885	0.868
11:30:07	0.555	0.552	0.671	0.769	0.760	0.830	0.796	0.793	0.861	0.793	0.759	0.910	0.476	0.620	0.694	0.795	0.836	0.832	0.722	0.779	0.745	0.716	0.788	0.884	0.595	0.573	0.758	0.815	0.756	0.772	0.760	0.908	0.736	0.792	0.780	0.750	0.533	0.603	0.819	0.777	0.764	0.767	0.818	0.800	0.758	0.797	0.761	0.790	0.524	0.552	0.709	0.725	0.779	0.790	0.754	0.847	0.791	0.851	0.759	0.844	0.601	0.596	0.747	0.765	0.779	0.886	0.830	0.778	0.768	0.853	0.848	0.865	0.532	0.646	0.745	0.739	0.777	0.771	0.768	0.825	0.788	0.770	0.783	0.723	0.641	0.758	0.749	0.829	0.723	0.892	0.875	0.847	0.769	0.888	0.901	0.883
11:40:07	0.567	0.561	0.687	0.775	0.773	0.851	0.806	0.801	0.864	0.806	0.767	0.922	0.482	0.632	0.706	0.803	0.851	0.842	0.727	0.783	0.751	0.725	0.799	0.903	0.605	0.589	0.771	0.826	0.763	0.779	0.769	0.909	0.739	0.807	0.789	0.759	0.541	0.609	0.835	0.780	0.769	0.770	0.832	0.817	0.765	0.798	0.767	0.796	0.540	0.562	0.716	0.734	0.794	0.800	0.759	0.858	0.799	0.859	0.763	0.852	0.617	0.610	0.752	0.772	0.785	0.901	0.836	0.782	0.784	0.856	0.848	0.876	0.540	0.665	0.749	0.742	0.780	0.783	0.775	0.838	0.792	0.777	0.786	0.730	0.645	0.767	0.750	0.830	0.726	0.895	0.893	0.850	0.768	0.906	0.909	0.898
11:50:07	0.581	0.567	0.706	0.780	0.783	0.869	0.818	0.809	0.870	0.820	0.776	0.934	0.488	0.644	0.722	0.812	0.866	0.850	0.732	0.788	0.755	0.737	0.809	0.925	0.615	0.606	0.786	0.838	0.770	0.786	0.779	0.910	0.743	0.820	0.799	0.768	0.552	0.615	0.849	0.783	0.777	0.772	0.846	0.832	0.773	0.801	0.769	0.798	0.555	0.576	0.722	0.743	0.813	0.813	0.764	0.870	0.812	0.868	0.769	0.858	0.630	0.622	0.758	0.780	0.790	0.915	0.843	0.785	0.798	0.861	0.849	0.891	0.548	0.684	0.753	0.746	0.785	0.794	0.783	0.851	0.797	0.785	0.790	0.737	0.647	0.778	0.750	0.830	0.731	0.899	0.911	0.856	0.771	0.921	0.924	0.913
12:00:07	0.594	0.571	0.726	0.788	0.793	0.886	0.831	0.817	0.876	0.832	0.786	0.946	0.493	0.654	0.736	0.821	0.880	0.858	0.738	0.794	0.761	0.750	0.819	0.947	0.626	0.624	0.799	0.849	0.778	0.793	0.790	0.912	0.749	0.834	0.811	0.780	0.562	0.620	0.862	0.787	0.786	0.776	0.862	0.848	0.781	0.805	0.773	0.805	0.571	0.585	0.730	0.753	0.830	0.824	0.770	0.881	0.821	0.874	0.774	0.863	0.641	0.631	0.763	0.786	0.795	0.925	0.848	0.786	0.816	0.863	0.848	0.896	0.555	0.703	0.756	0.751	0.790	0.808	0.790	0.865	0.801	0.796	0.792	0.745	0.652	0.786	0.750	0.830	0.734	0.902	0.927	0.862	0.772	0.937	0.932	0.929
12:10:07	0.607	0.577	0.747	0.794	0.803	0.902	0.842	0.826	0.881	0.842	0.794	0.954	0.500	0.665	0.751	0.830	0.894	0.865	0.741	0.798	0.765	0.765	0.826	0.971	0.637	0.640	0.814	0.858	0.788	0.800	0.799	0.913	0.751	0.849	0.821	0.791	0.574	0.625	0.875	0.791	0.794	0.780	0.881	0.862	0.791	0.809	0.779	0.810	0.588	0.599	0.739	0.760	0.849	0.836	0.774	0.891	0.831	0.885	0.781	0.866	0.653	0.642	0.767	0.792	0.802	0.931	0.856	0.787	0.834	0.867	0.848	0.902	0.562	0.723	0.762	0.756	0.796	0.822	0.796	0.881	0.807	0.812	0.797	0.753	0.655	0.794	0.752	0.833	0.739	0.903	0.943	0.870	0.776	0.948	0.944	0.943
12:20:07	0.620	0.583	0.768	0.800	0.813	0.916	0.855	0.834	0.888	0.854	0.802	0.963	0.506	0.676	0.767	0.839	0.909	0.872	0.746	0.803	0.770	0.780	0.833	1.000	0.649	0.652	0.828	0.869	0.800	0.807	0.807	0.914	0.755	0.863	0.830	0.804	0.584	0.631	0.888	0.795	0.802	0.785	0.900	0.873	0.801	0.813	0.786	0.814	0.603	0.613	0.750	0.768	0.867	0.847	0.780	0.902	0.841	0.893	0.788	0.870	0.664	0.652	0.772	0.799	0.808	0.936	0.863	0.786	0.847	0.868	0.850	0.908	0.569	0.742	0.769	0.762	0.799	0.835	0.802	0.894	0.806	0.825	0.804	0.758	0.660	0.803	0.752	0.832	0.742	0.906	0.957	0.877	0.780	0.959	0.947	0.954
12:30:07	0.632	0.588	0.786	0.807	0.823	0.924	0.867	0.842	0.892	0.861	0.810	0.970	0.513	0.685	0.782	0.848	0.923	0.878	0.753	0.808	0.775	0.797	0.840	1.027	0.660	0.659	0.840	0.880	0.813	0.814	0.813	0.916	0.760	0.874	0.839	0.814	0.594	0.636	0.899	0.799	0.810	0.788	0.916	0.882	0.810	0.819	0.793	0.819	0.616	0.625	0.758	0.775	0.882	0.856	0.785	0.911	0.851	0.901	0.795	0.874	0.675	0.662	0.775	0.805	0.812	0.941	0.871	0.788	0.857	0.870	0.850	0.909	0.575	0.761	0.776	0.767	0.805	0.848	0.808	0.907	0.810	0.842	0.810	0.766	0.664	0.814	0.756	0.832	0.746	0.908	0.969	0.883	0.784	0.967	0.952	0.966
12:40:07	0.642	0.594	0.803	0.816	0.834	0.932	0.878	0.851	0.896	0.868	0.818	0.976	0.520	0.692	0.798	0.855	0.935	0.882	0.757	0.810	0.782	0.815	0.847	1.051	0.673	0.665	0.852	0.888	0.826	0.822	0.822	0.914	0.763	0.877	0.845	0.825	0.604	0.641	0.909	0.803	0.818	0.790	0.933	0.887	0.816	0.820	0.798	0.822	0.629	0.637	0.768	0.781	0.896	0.863	0.786	0.920	0.859	0.908	0.795	0.876	0.684	0.670	0.780	0.812	0.817	0.944	0.877	0.789	0.862	0.873	0.851	0.909	0.580	0.779	0.784	0.772	0.811	0.859	0.813	0.916	0.814	0.856	0.815	0.774	0.668	0.825	0.758	0.831	0.750	0.910	0.980	0.891	0.788	0.975	0.959	0.977
12:50:07	0.649	0.597	0.818	0.825	0.844	0.937	0.891	0.858	0.902	0.873	0.827	0.983	0.526	0.700	0.812	0.864	0.947	0.887	0.763	0.815	0.791	0.830	0.854	1.075	0.683	0.668	0.864	0.896	0.840	0.829	0.831	0.914	0.765	0.884	0.853	0.838	0.614	0.646	0.918	0.806	0.828	0.794	0.951	0.893	0.822	0.825	0.806	0.825	0.640	0.647	0.776	0.787	0.907	0.870	0.788	0.927	0.867	0.917	0.800	0.881	0.691	0.677	0.783	0.817	0.821	0.948	0.885	0.791	0.870	0.875	0.854	0.911	0.585	0.798	0.793	0.776	0.815	0.871	0.820	0.924	0.818	0.870	0.821	0.783	0.673	0.834	0.760	0.832	0.753	0.913	0.990	0.900	0.793	0.983	0.967	0.987
13:00:07	0.658	0.604	0.832	0.837	0.855	0.942	0.904	0.865	0.906	0.876	0.837	0.988	0.534	0.708	0.825	0.872	0.957	0.892	0.770	0.819	0.800	0.844	0.858	1.100	0.693	0.671	0.874	0.904	0.852	0.836	0.840	0.913	0.768	0.890	0.861	0.849	0.624	0.651	0.925	0.811	0.834	0.798	0.968	0.898	0.830	0.828	0.812	0.830	0.651	0.656	0.783	0.793	0.917	0.874	0.794	0.935	0.875	0.926	0.807	0.884	0.701	0.685	0.787	0.823	0.823	0.953	0.893	0.793	0.877	0.878	0.854	0.916	0.590	0.815	0.802	0.778	0.821	0.882	0.827	0.931	0.821	0.877	0.824	0.791	0.677	0.844	0.762	0.834	0.757	0.916	1.000	0.910	0.797	0.990	0.971	0.996
13:10:07	0.668	0.609	0.845	0.847	0.865	0.945	0.912	0.872	0.906	0.878	0.846	0.991	0.540	0.714	0.838	0.879	0.966	0.895	0.772	0.823	0.810	0.856	0.863	1.121	0.702	0.674	0.884	0.909	0.863	0.841	0.849	0.914	0.769	0.893	0.868	0.858	0.634	0.654	0.932	0.812	0.837	0.802	0.983	0.902	0.833	0.832	0.817	0.834	0.661	0.665	0.788	0.796	0.927	0.878	0.800	0.939	0.879	0.929	0.809	0.884	0.708	0.694	0.789	0.825	0.824	0.954	0.902	0.796	0.880	0.879	0.855	0.917	0.595	0.832	0.811	0.780	0.825	0.893	0.833	0.935	0.820	0.888	0.829	0.796	0.684	0.857	0.765	0.834	0.761	0.918	1.008	0.917	0.796	0.997	0.976	1.000
13:20:07	0.679	0.615	0.858	0.859	0.872	0.948	0.920	0.880	0.909	0.879	0.855	0.994	0.547	0.722	0.849	0.887	0.974	0.895	0.774	0.826	0.820	0.864	0.869	1.144	0.711	0.677	0.894	0.914	0.874	0.847	0.854	0.914	0.769	0.897	0.873	0.866	0.643	0.659	0.939	0.813	0.841	0.804	0.998	0.905	0.841	0.837	0.820	0.838	0.671	0.677	0.794	0.801	0.937	0.882	0.806	0.945	0.884	0.937	0.813	0.886	0.718	0.701	0.790	0.827	0.825	0.956	0.909	0.797	0.884	0.882	0.857	0.919	0.601	0.849	0.821	0.782	0.831	0.904	0.838	0.940	0.821	0.899	0.831	0.803	0.689	0.866	0.767	0.834	0.764	0.921	1.017	0.926	0.798	1.003	0.981	1.008
13:30:07	0.689	0.622	0.869	0.870	0.875	0.948	0.926	0.888	0.912	0.881	0.864	0.999	0.555	0.730	0.860	0.895	0.982	0.898	0.776	0.829	0.831	0.873	0.875	1.168	0.719	0.679	0.902	0.918	0.884	0.852	0.861	0.912	0.770	0.902	0.879	0.870	0.653	0.665	0.946	0.817	0.847	0.807	1.011	0.907	0.846	0.841	0.825	0.842	0.680	0.686	0.799	0.805	0.945	0.885	0.813	0.951	0.888	0.944	0.817	0.887	0.728	0.710	0.792	0.828	0.828	0.960	0.918	0.799	0.886	0.882	0.861	0.918	0.606	0.867	0.831	0.785	0.837	0.915	0.839	0.945	0.822	0.909	0.836	0.809	0.695	0.880	0.769	0.835	0.767	0.925	1.025	0.935	0.803	1.009	0.984	1.010
13:40:07	0.700	0.627	0.880	0.879	0.881	0.947	0.930	0.896	0.916	0.882	0.873	1.004	0.564	0.736	0.868	0.902	0.991	0.900	0.779	0.831	0.840	0.880	0.878	1.195	0.728	0.682	0.913	0.921	0.894	0.857	0.867	0.912	0.771	0.904	0.884	0.877	0.662	0.669	0.950	0.820	0.851	0.811	1.024	0.909	0.853	0.846	0.830	0.845	0.689	0.695	0.803	0.806	0.953	0.887	0.819	0.957	0.891	0.952	0.821	0.890	0.737	0.719	0.793	0.829	0.829	0.962	0.922	0.801	0.889	0.884	0.865	0.915	0.611	0.884	0.841	0.787	0.841	0.923	0.839	0.948	0.822	0.920	0.837	0.812	0.701	0.893	0.772	0.835	0.771	0.927	1.033	0.944	0.805	1.013	0.985	1.011
13:50:07	0.713	0.633	0.892	0.889	0.884	0.946	0.934	0.899	0.920	0.882	0.879	1.008	0.572	0.743	0.874	0.908	0.998	0.901	0.780	0.834	0.849	0.885	0.881	1.223	0.737	0.684	0.926	0.925	0.904	0.856	0.871	0.911	0.772	0.903	0.886	0.884	0.670	0.674	0.951	0.822	0.853	0.813	1.037	0.911	0.857	0.850	0.832	0.847	0.698	0.707	0.809	0.812	0.961	0.890	0.826	0.965	0.893	0.961	0.824	0.890	0.747	0.729	0.793	0.828	0.829	0.963	0.928	0.803	0.892	0.886	0.868	0.915	0.616	0.902	0.852	0.788	0.846	0.934	0.842	0.950	0.823	0.928	0.839	0.815	0.708	0.911	0.773	0.835	0.775	0.930	1.042	0.955	0.806	1.017	0.989	1.017
14:00:07	0.724	0.638	0.903	0.897	0.888	0.946	0.937	0.904	0.924	0.884	0.883	1.014	0.581	0.750	0.878	0.915	1.006	0.902	0.781	0.836	0.859	0.890	0.886	1.252	0.747	0.686	0.936	0.927	0.911	0.860	0.875	0.911	0.773	0.904	0.891	0.887	0.677	0.678	0.952	0.826	0.856	0.815	1.049	0.910	0.861	0.854	0.835	0.852	0.705	0.715	0.813	0.816	0.966	0.892	0.833	0.970	0.895	0.970	0.825	0.893	0.758	0.739	0.794	0.829	0.831	0.966	0.936	0.804	0.894	0.886	0.873	0.914	0.622	0.921	0.862	0.791	0.848	0.945	0.846	0.954	0.824	0.932	0.841	0.820	0.716	0.926	0.777	0.835	0.780	0.932	1.049	0.967	0.809	1.025	0.995	1.025
14:10:07	0.733	0.640	0.913	0.906	0.893	0.944	0.937	0.906	0.928	0.885	0.887	1.017	0.588	0.756	0.881	0.922	1.013	0.903	0.782	0.839	0.867	0.895	0.889	1.279	0.757	0.686	0.946	0.929	0.919	0.862	0.878	0.909	0.774	0.906	0.893	0.894	0.685	0.682	0.954	0.829	0.859	0.813	1.060	0.913	0.864	0.855	0.835	0.853	0.711	0.723	0.817	0.819	0.975	0.892	0.838	0.977	0.895	0.978	0.826	0.894	0.765	0.745	0.794	0.829	0.832	0.968	0.941	0.802	0.896	0.888	0.879	0.910	0.625	0.940	0.870	0.787	0.853	0.954	0.848	0.957	0.823	0.940	0.844	0.824	0.723	0.940	0.775	0.834	0.780	0.933	1.055	0.977	0.810	1.032	0.994	1.033
14:20:07	0.742	0.643	0.924	0.915	0.896	0.944	0.941	0.908	0.932	0.887	0.890	1.021	0.596	0.764	0.884	0.930	1.021	0.905	0.784	0.841	0.876	0.901	0.892	1.308	0.766	0.685	0.956	0.933	0.926	0.866	0.882	0.912	0.774	0.909	0.892	0.902	0.692	0.687	0.955	0.834	0.862	0.814	1.073	0.915	0.869	0.858	0.838	0.857	0.718	0.733	0.821	0.823	0.984	0.894	0.846	0.983	0.897	0.988	0.829	0.899	0.775	0.753	0.794	0.829	0.834	0.971	0.949	0.797	0.900	0.892	0.884	0.913	0.630	0.960	0.877	0.787	0.858	0.961	0.851	0.961	0.823	0.948	0.845	0.829	0.732	0.956	0.774	0.834	0.782	0.937	1.062	0.989	0.812	1.041	0.997	1.041
14:30:07	0.755	0.649	0.935	0.924	0.898	0.944	0.942	0.908	0.933	0.889	0.894	1.022	0.605	0.770	0.887	0.938	1.030	0.905	0.785	0.843	0.883	0.905	0.895	1.331	0.779	0.688	0.970	0.935	0.930	0.869	0.885	0.914	0.773	0.908	0.894	0.906	0.701	0.691	0.956	0.837	0.865	0.816	1.085	0.916	0.871	0.860	0.837	0.861	0.726	0.742	0.824	0.828	0.991	0.897	0.853	0.990	0.895	0.994	0.829	0.900	0.789	0.765	0.796	0.831	0.834	0.974	0.957	0.799	0.902	0.893	0.889	0.913	0.634	0.982	0.882	0.790	0.863	0.971	0.854	0.963	0.825	0.956	0.847	0.830	0.741	0.977	0.774	0.834	0.785	0.941	1.070	1.003	0.813	1.047	1.002	1.048
14:40:07	0.766	0.652	0.946	0.932	0.902	0.943	0.941	0.907	0.937	0.883	0.892	1.026	0.614	0.777	0.889	0.943	1.038	0.905	0.787	0.844	0.887	0.907	0.897	1.357	0.790	0.688	0.981	0.937	0.936	0.873	0.888	0.913	0.775	0.909	0.895	0.913	0.710	0.695	0.956	0.839	0.867	0.816	1.095	0.916	0.873	0.861	0.833	0.862	0.732	0.752	0.828	0.832	0.998	0.898	0.860	0.995	0.895	1.001	0.829	0.902	0.798	0.774	0.796	0.830	0.833	0.977	0.961	0.799	0.903	0.892	0.893	0.910	0.638	1.002	0.884	0.790	0.868	0.983	0.855	0.960	0.825	0.964	0.847	0.833	0.752	0.993	0.773	0.831	0.786	0.944	1.076	1.015	0.814	1.054	1.006	1.054
14:50:07	0.776	0.657	0.957	0.941	0.905	0.942	0.942	0.907	0.941	0.885	0.895	1.030	0.623	0.784	0.891	0.950	1.047	0.905	0.788	0.844	0.893	0.909	0.900	1.386	0.801	0.687	0.994	0.940	0.942	0.876	0.890	0.914	0.774	0.910	0.894	0.919	0.719	0.699	0.957	0.842	0.867	0.817	1.106	0.917	0.874	0.863	0.835	0.866	0.739	0.763	0.831	0.836	1.007	0.901	0.870	1.000	0.895	1.011	0.830	0.905	0.811	0.785	0.796	0.828	0.834	0.980	0.969	0.800	0.905	0.893	0.900	0.911	0.643	1.024	0.887	0.790	0.874	0.993	0.856	0.962	0.826	0.971	0.847	0.836	0.762	1.012	0.771	0.827	0.788	0.948	1.083	1.028	0.814	1.060	1.012	1.063
15:00:07	0.789	0.660	0.970	0.949	0.906	0.942	0.943	0.905	0.943	0.884	0.898	1.031	0.634	0.789	0.892	0.958	1.054	0.904	0.787	0.845	0.898	0.913	0.901	1.413	0.815	0.689	1.007	0.941	0.946	0.880	0.892	0.912	0.775	0.910	0.894	0.924	0.728	0.703	0.957	0.844	0.867	0.817	1.118	0.913	0.875	0.863	0.833	0.869	0.745	0.774	0.835	0.839	1.015	0.903	0.878	1.007	0.895	1.020	0.827	0.909	0.823	0.795	0.795	0.828	0.835	0.982	0.975	0.802	0.904	0.892	0.902	0.911	0.649	1.048	0.890	0.791	0.878	1.006	0.858	0.963	0.826	0.979	0.848	0.836	0.774	1.031	0.771	0.826	0.790	0.949	1.090	1.039	0.816	1.067	1.016	1.069
15:10:07	0.803	0.664	0.982	0.957	0.908	0.942	0.942	0.905	0.944	0.883	0.897	1.033	0.643	0.795	0.894	0.962	1.063	0.900	0.787	0.846	0.901	0.915	0.903	1.437	0.827	0.688	1.020	0.942	0.950	0.884	0.894	0.914	0.776	0.913	0.895	0.930	0.737	0.705	0.958	0.843	0.868	0.816	1.131	0.914	0.877	0.862	0.833	0.872	0.753	0.785	0.839	0.841	1.024	0.906	0.885	1.014	0.896	1.029	0.828	0.912	0.837	0.807	0.797	0.827	0.831	0.983	0.983	0.802	0.902	0.894	0.906	0.907	0.653	1.071	0.891	0.793	0.884	1.017	0.861	0.962	0.826	0.987	0.847	0.835	0.786	1.051	0.769	0.825	0.791	0.952	1.099	1.049	0.815	1.074	1.019	1.073
15:20:07	0.817	0.667	0.995	0.966	0.910	0.943	0.942	0.905	0.947	0.884	0.899	1.034	0.653	0.802	0.896	0.970	1.072	0.902	0.787	0.847	0.906	0.917	0.903	1.459	0.838	0.688	1.034	0.944	0.955	0.888	0.892	0.915	0.776	0.913	0.895	0.937	0.747	0.710	0.957	0.846	0.868	0.815	1.144	0.913	0.876	0.863	0.834	0.875	0.759	0.796	0.841	0.845	1.033	0.907	0.895	1.022	0.895	1.040	0.827	0.914	0.850	0.820	0.797	0.826	0.832	0.985	0.989	0.803	0.903	0.894	0.911	0.908	0.659	1.095	0.893	0.794	0.890	1.029	0.862	0.963	0.827	0.994	0.846	0.838	0.800	1.073	0.768	0.822	0.790	0.959	1.104	1.065	0.816	1.083	1.026	1.081
15:30:07	0.831	0.672	1.008	0.973	0.912	0.941	0.942	0.906	0.951	0.885	0.901	1.036	0.663	0.810	0.897	0.977	1.083	0.903	0.789	0.848	0.910	0.919	0.905	1.481	0.852	0.689	1.049	0.946	0.960	0.892	0.895	0.914	0.776	0.912	0.894	0.943	0.756	0.714	0.958	0.849	0.869	0.816	1.156	0.914	0.875	0.864	0.834	0.879	0.766	0.808	0.843	0.847	1.043	0.907	0.904	1.030	0.895	1.050	0.825	0.915	0.864	0.831	0.798	0.826	0.832	0.987	0.996	0.803	0.904	0.893	0.918	0.905	0.666	1.119	0.895	0.794	0.895	1.035	0.864	0.962	0.827	1.000	0.846	0.840	0.814	1.093	0.766	0.822	0.788	0.962	1.111	1.082	0.817	1.092	1.032	1.090
15:40:07	0.848	0.677	1.022	0.981	0.912	0.942	0.937	0.903	0.950	0.884	0.900	1.033	0.673	0.816	0.898	0.983	1.096	0.902	0.788	0.846	0.911	0.917	0.899	1.504	0.866	0.690	1.065	0.947	0.964	0.893	0.895	0.914	0.772	0.911	0.890	0.948	0.766	0.718	0.957	0.849	0.868	0.816	1.170	0.910	0.877	0.863	0.831	0.882	0.775	0.824	0.845	0.846	1.051	0.909	0.910	1.037	0.891	1.059	0.824	0.917	0.879	0.845	0.797	0.826	0.832	0.986	0.999	0.802	0.903	0.892	0.921	0.905	0.672	1.141	0.898	0.793	0.898	1.046	0.865	0.963	0.828	1.003	0.844	0.841	0.828	1.116	0.765	0.820	0.790	0.966	1.118	1.097	0.817	1.097	1.039	1.098
15:50:07	0.864	0.680	1.035	0.988	0.914	0.941	0.937	0.902	0.954	0.886	0.903	1.036	0.684	0.823	0.899	0.990	1.111	0.903	0.788	0.847	0.916	0.918	0.901	1.531	0.879	0.688	1.077	0.948	0.968	0.895	0.895	0.911	0.772	0.911	0.884	0.955	0.776	0.722	0.956	0.851	0.868	0.816	1.184	0.907	0.876	0.865	0.831	0.885	0.780	0.837	0.847	0.846	1.058	0.908	0.918	1.044	0.883	1.071	0.825	0.919	0.892	0.856	0.797	0.822	0.831	0.984	1.006	0.801	0.904	0.892	0.929	0.903	0.678	1.164	0.898	0.793	0.902	1.059	0.866	0.962	0.826	1.011	0.843	0.843	0.842	1.135	0.760	0.818	0.790	0.963	1.128	1.112	0.817	1.108	1.045	1.107
16:00:07	0.882	0.684	1.050	0.995	0.916	0.940	0.936	0.902	0.956	0.886	0.903	1.039	0.696	0.832	0.901	0.998	1.125	0.904	0.788	0.849	0.921	0.921	0.902	1.557	0.894	0.688	1.094	0.950	0.972	0.897	0.896	0.912	0.772	0.911	0.885	0.963	0.786	0.728	0.956	0.852	0.869	0.816	1.198	0.907	0.878	0.866	0.832	0.890	0.788	0.847	0.849	0.849	1.067	0.909	0.930	1.052	0.885	1.083	0.825	0.922	0.907	0.871	0.797	0.822	0.832	0.985	1.013	0.801	0.903	0.894	0.937	0.904	0.684	1.188	0.900	0.792	0.909	1.072	0.868	0.964	0.826	1.018	0.844	0.843	0.857	1.159	0.757	0.817	0.788	0.961	1.137	1.130	0.818	1.120	1.054	1.117
16:10:07	0.898	0.689	1.065	1.000	0.918	0.939	0.937	0.904	0.958	0.887	0.905	1.042	0.709	0.840	0.902	1.007	1.143	0.907	0.788	0.851	0.926	0.923	0.905	1.583	0.908	0.689	1.109	0.954	0.976	0.900	0.899	0.912	0.774	0.909	0.884	0.972	0.796	0.733	0.956	0.854	0.869	0.816	1.213	0.907	0.879	0.867	0.834	0.895	0.797	0.857	0.851	0.852	1.077	0.910	0.943	1.064	0.885	1.098	0.826	0.926	0.921	0.885	0.796	0.822	0.830	0.985	1.020	0.800	0.904	0.894	0.947	0.902	0.692	1.209	0.903	0.792	0.913	1.086	0.868	0.966	0.825	1.027	0.845	0.845	0.872	1.182	0.754	0.815	0.788	0.961	1.145	1.149	0.817	1.129	1.058	1.128
16:20:07	0.916	0.694	1.079	1.002	0.918	0.937	0.933	0.902	0.959	0.886	0.900	1.043	0.721	0.849	0.903	1.014	1.160	0.906	0.790	0.853	0.924	0.924	0.906	1.608	0.923	0.689	1.126	0.956	0.979	0.901	0.899	0.911	0.774	0.907	0.884	0.978	0.806	0.738	0.956	0.855	0.869	0.814	1.226	0.904	0.878	0.867	0.833	0.898	0.805	0.868	0.853	0.853	1.085	0.912	0.954	1.074	0.883	1.112	0.825	0.929	0.936	0.899	0.796	0.817	0.830	0.986	1.025	0.800	0.903	0.894	0.955	0.898	0.700	1.231	0.905	0.792	0.919	1.099	0.870	0.966	0.823	1.033	0.845	0.846	0.887	1.205	0.752	0.814	0.787	0.959	1.155	1.167	0.815	1.138	1.063	1.137
16:30:07	0.935	0.699	1.094	1.005	0.919	0.938	0.933	0.903	0.961	0.886	0.900	1.047	0.735	0.858	0.904	1.021	1.178	0.905	0.788	0.852	0.927	0.926	0.905	1.628	0.937	0.688	1.142	0.955	0.980	0.904	0.899	0.912	0.774	0.907	0.883	0.985	0.816	0.743	0.957	0.853	0.869	0.814	1.240	0.903	0.874	0.867	0.833	0.903	0.813	0.879	0.854	0.854	1.092	0.912	0.964	1.086	0.880	1.123	0.823	0.932	0.951	0.913	0.796	0.816	0.830	0.986	1.030	0.801	0.902	0.895	0.964	0.896	0.709	1.254	0.906	0.792	0.922	1.114	0.871	0.968	0.821	1.043	0.845	0.846	0.900	1.227	0.752	0.813	0.784	0.958	1.165	1.185	0.811	1.148	1.071	1.147
16:40:07	0.953	0.704	1.108	1.006	0.919	0.940	0.931	0.903	0.962	0.884	0.901	1.049	0.749	0.866	0.905	1.026	1.195	0.905	0.784	0.851	0.928	0.926	0.906	1.649	0.951	0.689	1.159	0.957	0.983	0.906	0.900	0.911	0.773	0.906	0.883	0.992	0.826	0.748	0.955	0.854	0.866	0.814	1.252	0.902	0.874	0.868	0.832	0.906	0.822	0.889	0.857	0.856	1.103	0.912	0.977	1.098	0.880	1.161	0.822	0.934	0.966	0.928	0.796	0.814	0.830	0.986	1.036	0.800	0.903	0.895	0.972	0.896	0.719	1.275	0.909	0.793	0.928	1.127	0.873	0.968	0.821	1.053	0.844	0.846	0.916	1.248	0.747	0.810	0.785	0.956	1.175	1.203	0.811	1.158	1.079	1.155
16:50:07	0.972	0.708	1.122	1.008	0.922	0.938	0.931	0.903	0.966	0.884	0.902	1.053	0.764	0.876	0.906	1.028	1.212	0.905	0.784	0.853	0.932	0.928	0.907	1.670	0.965	0.690	1.174	0.960	0.987	0.908	0.901	0.910	0.773	0.905	0.882	1.001	0.834	0.753	0.955	0.854	0.866	0.811	1.266	0.901	0.875	0.869	0.832	0.911	0.830	0.900	0.858	0.859	1.112	0.913	0.991	1.111	0.881	1.185	0.822	0.936	0.978	0.940	0.794	0.809	0.830	0.984	1.043	0.802	0.904	0.896	0.982	0.893	0.730	1.294	0.909	0.794	0.935	1.142	0.874	0.969	0.820	1.063	0.845	0.847	0.931	1.267	0.745	0.807	0.784	0.953	1.184	1.221	0.806	1.163	1.090	1.166
17:00:07	0.990	0.713	1.135	1.010	0.923	0.938	0.931	0.903	0.967	0.877	0.902	1.058	0.780	0.887	0.907	1.031	1.229	0.906	0.785	0.853	0.934	0.928	0.907	1.689	0.980	0.689	1.191	0.962	0.990	0.912	0.900	0.911	0.775	0.905	0.883	1.010	0.842	0.759	0.956	0.854	0.865	0.810	1.277	0.902	0.875	0.869	0.832	0.916	0.839	0.912	0.859	0.860	1.121	0.913	1.003	1.121	0.880	1.196	0.820	0.939	0.992	0.955	0.795	0.803	0.830	0.984	1.051	0.801	0.904	0.898	0.993	0.890	0.739	1.316	0.910	0.793	0.940	1.156	0.875	0.970	0.820	1.071	0.843	0.848	0.947	1.284	0.742	0.802	0.783	0.952	1.194	1.238	0.807	1.175	1.100	1.170
17:10:07	1.009	0.718	1.150	1.012	0.923	0.937	0.931	0.904	0.968	0.876	0.902	1.061	0.797	0.898	0.908	1.031	1.243	0.908	0.781	0.853	0.936	0.929	0.909	1.710	0.995	0.689	1.207	0.963	0.994	0.913	0.901	0.912	0.769	0.904	0.883	1.018	0.849	0.764	0.956	0.855	0.862	0.808	1.290	0.902	0.874	0.869	0.832	0.921	0.847	0.923	0.861	0.861	1.130	0.914	1.016	1.135	0.880	1.205	0.820	0.945	1.005	0.970	0.795	0.802	0.829	0.984	1.058	0.802	0.904	0.899	1.002	0.892	0.751	1.336	0.913	0.792	0.946	1.167	0.876	0.967	0.819	1.081	0.844	0.850	0.962	1.300	0.741	0.801	0.784	0.950	1.205	1.256	0.807	1.186	1.112	1.180
17:20:07	1.028	0.725	1.163	1.014	0.922	0.938	0.930	0.904	0.969	0.874	0.902	1.063	0.814	0.910	0.908	1.032	1.258	0.908	0.780	0.855	0.935	0.930	0.907	1.728	1.009	0.691	1.224	0.965	0.996	0.913	0.902	0.913	0.769	0.899	0.880	1.026	0.857	0.770	0.957	0.854	0.862	0.806	1.304	0.899	0.876	0.869	0.832	0.925	0.857	0.933	0.862	0.862	1.139	0.914	1.030	1.150	0.879	1.214	0.819	0.949	1.019	0.986	0.796	0.799	0.828	0.980	1.065	0.802	0.899	0.899	1.004	0.889	0.764	1.357	0.914	0.791	0.952	1.180	0.870	0.968	0.815	1.091	0.841	0.849	0.979	1.318	0.740	0.801	0.786	0.947	1.212	1.272	0.804	1.197	1.123	1.182
17:30:07	1.047	0.730	1.177	1.014	0.921	0.939	0.929	0.904	0.968	0.873	0.901	1.064	0.833	0.920	0.909	1.035	1.275	0.908	0.778	0.855	0.936	0.930	0.908	1.742	1.024	0.691	1.240	0.965	0.998	0.915	0.901	0.912	0.768	0.897	0.879	1.033	0.865	0.776	0.957	0.851	0.859	0.802	1.317	0.896	0.876	0.870	0.831	0.928	0.865	0.946	0.863	0.862	1.143	0.914	1.041	1.165	0.879	1.223	0.819	0.954	1.032	1.001	0.796	0.799	0.828	0.981	1.073	0.800	0.896	0.902	1.015	0.888	0.775	1.374	0.915	0.789	0.957	1.188	0.871	0.967	0.813	1.099	0.842	0.846	0.994	1.333	0.740	0.800	0.784	0.941	1.219	1.289	0.804	1.208	1.134	1.193
17:40:07	1.066	0.736	1.190	1.016	0.923	0.937	0.929	0.905	0.975	0.870	0.902	1.071	0.848	0.931	0.909	1.036	1.291	0.908	0.778	0.857	0.939	0.930	0.907	1.757	1.040	0.690	1.255	0.967	1.002	0.917	0.902	0.912	0.769	0.895	0.879	1.040	0.872	0.782	0.956	0.850	0.859	0.802	1.329	0.895	0.876	0.867	0.831	0.932	0.874	0.958	0.864	0.863	1.152	0.915	1.055	1.181	0.880	1.236	0.819	0.960	1.045	1.017	0.794	0.798	0.827	0.982	1.081	0.801	0.896	0.902	1.025	0.887	0.787	1.395	0.917	0.787	0.963	1.197	0.868	0.968	0.813	1.109	0.842	0.847	1.010	1.348	0.738	0.800	0.784	0.938	1.230	1.307	0.804	1.219	1.143	1.204
17:50:07	1.085	0.742	1.202	1.019	0.922	0.938	0.929	0.905	0.972	0.867	0.902	1.075	0.862	0.942	0.910	1.037	1.310	0.907	0.774	0.858	0.941	0.931	0.908	1.767	1.054	0.691	1.271	0.969	1.000	0.918	0.903	0.912	0.769	0.894	0.877	1.048	0.878	0.788	0.956	0.850	0.859	0.801	1.343	0.895	0.878	0.866	0.830	0.932	0.882	0.972	0.865	0.864	1.161	0.914	1.070	1.196	0.879	1.245	0.812	0.966	1.058	1.033	0.795	0.797	0.828	0.981	1.089	0.800	0.895	0.902	1.038	0.884	0.798	1.413	0.918	0.786	0.968	1.206	0.869	0.969	0.813	1.119	0.843	0.846	1.026	1.362	0.737	0.800	0.786	0.938	1.242	1.323	0.803	1.230	1.156	1.214
18:00:07	1.104	0.749	1.214	1.019	0.922	0.938	0.928	0.905	0.972	0.865	0.900	1.082	0.880	0.952	0.910	1.038	1.325	0.906	0.773	0.859	0.940	0.931	0.908	1.779	1.069	0.691	1.287	0.970	1.001	0.920	0.901	0.912	0.768	0.894	0.877	1.056	0.885	0.795	0.956	0.851	0.858	0.802	1.356	0.894	0.879	0.866	0.830	0.936	0.891	0.983	0.866	0.867	1.167	0.914	1.083	1.211	0.879	1.257	0.808	0.971	1.071	1.047	0.794	0.796	0.822	0.980	1.096	0.801	0.896	0.903	1.049	0.884	0.811	1.432	0.919	0.786	0.974	1.218	0.869	0.970	0.810	1.127	0.843	0.846	1.043	1.375	0.736	0.799	0.787	0.935	1.254	1.339	0.803	1.241	1.167	1.224
18:10:07	1.124	0.757	1.226	1.021	0.920	0.938	0.926	0.905	0.973	0.863	0.899	1.089	0.894	0.964	0.911	1.035	1.341	0.906	0.773	0.859	0.939	0.929	0.905	1.793	1.084	0.691	1.301	0.972	0.999	0.921	0.901	0.904	0.769	0.893	0.877	1.063	0.892	0.801	0.955	0.850	0.858	0.801	1.365	0.894	0.878	0.867	0.829	0.941	0.900	0.993	0.867	0.867	1.175	0.913	1.096	1.227	0.878	1.267	0.804	0.969	1.081	1.063	0.794	0.794	0.821	0.980	1.104	0.802	0.896	0.903	1.060	0.884	0.825	1.452	0.922	0.787	0.978	1.228	0.869	0.970	0.810	1.136	0.844	0.850	1.058	1.388	0.735	0.798	0.785	0.934	1.267	1.355	0.803	1.250	1.176	1.234
18:20:07	1.144	0.764	1.237	1.023	0.914	0.938	0.926	0.905	0.973	0.862	0.899	1.098	0.908	0.975	0.911	1.032	1.356	0.905	0.771	0.857	0.941	0.929	0.906	1.799	1.098	0.691	1.316	0.973	1.002	0.923	0.902	0.901	0.769	0.891	0.875	1.072	0.898	0.808	0.955	0.848	0.857	0.801	1.377	0.893	0.880	0.867	0.828	0.944	0.908	1.005	0.868	0.868	1.183	0.913	1.111	1.243	0.875	1.276	0.803	0.974	1.094	1.077	0.794	0.792	0.820	0.979	1.112	0.801	0.896	0.903	1.072	0.882	0.836	1.471	0.924	0.785	0.981	1.240	0.870	0.972	0.809	1.146	0.842	0.850	1.073	1.400	0.734	0.798	0.786	0.933	1.274	1.370	0.801	1.262	1.186	1.242
18:30:07	1.162	0.771	1.246	1.023	0.914	0.939	0.924	0.907	0.972	0.861	0.894	1.109	0.923	0.988	0.912	1.033	1.373	0.900	0.770	0.858	0.943	0.930	0.905	1.805	1.115	0.691	1.330	0.975	1.004	0.923	0.902	0.900	0.769	0.890	0.876	1.080	0.903	0.815	0.955	0.848	0.856	0.799	1.388	0.892	0.880	0.865	0.828	0.943	0.916	1.016	0.868	0.868	1.190	0.908	1.122	1.257	0.862	1.284	0.801	0.975	1.105	1.091	0.790	0.790	0.820	0.979	1.120	0.801	0.895	0.901	1.085	0.882	0.850	1.491	0.924	0.784	0.983	1.250	0.862	0.971	0.808	1.149	0.841	0.847	1.089	1.409	0.730	0.796	0.783	0.931	1.286	1.381	0.800	1.274	1.196	1.251
18:40:07	1.180	0.780	1.256	1.024	0.914	0.938	0.922	0.907	0.972	0.861	0.885	1.118	0.938	1.001	0.914	1.033	1.388	0.900	0.770	0.859	0.944	0.931	0.907	1.813	1.129	0.691	1.346	0.975	1.006	0.925	0.902	0.898	0.769	0.883	0.875	1.089	0.909	0.822	0.954	0.848	0.856	0.798	1.399	0.891	0.879	0.864	0.827	0.946	0.925	1.029	0.869	0.869	1.199	0.909	1.137	1.273	0.862	1.296	0.800	0.975	1.116	1.106	0.791	0.791	0.820	0.979	1.128	0.800	0.894	0.903	1.096	0.878	0.864	1.513	0.925	0.779	0.986	1.261	0.861	0.971	0.803	1.160	0.839	0.843	1.104	1.420	0.726	0.794	0.784	0.930	1.299	1.388	0.799	1.284	1.207	1.263
18:50:07	1.198	0.787	1.266	1.026	0.914	0.938	0.921	0.908	0.975	0.859	0.884	1.122	0.952	1.016	0.914	1.030	1.406	0.897	0.768	0.859	0.944	0.932	0.906	1.821	1.144	0.691	1.358	0.976	1.009	0.926	0.902	0.898	0.765	0.883	0.876	1.099	0.914	0.830	0.954	0.847	0.857	0.794	1.411	0.889	0.880	0.863	0.827	0.949	0.934	1.039	0.870	0.867	1.204	0.909	1.152	1.287	0.861	1.309	0.799	0.979	1.129	1.123	0.791	0.789	0.820	0.979	1.136	0.801	0.893	0.903	1.109	0.876	0.877	1.537	0.925	0.778	0.989	1.271	0.857	0.971	0.803	1.170	0.840	0.843	1.119	1.431	0.724	0.793	0.785	0.929	1.312	1.399	0.794	1.295	1.217	1.273
19:00:07	1.213	0.796	1.274	1.027	0.915	0.938	0.920	0.906	0.976	0.858	0.884	1.133	0.970	1.029	0.914	1.030	1.419	0.898	0.767	0.860	0.946	0.932	0.905	1.828	1.157	0.690	1.371	0.977	1.011	0.929	0.893	0.898	0.765	0.883	0.875	1.107	0.919	0.837	0.954	0.843	0.855	0.792	1.423	0.889	0.880	0.861	0.824	0.948	0.941	1.050	0.870	0.867	1.212	0.908	1.167	1.302	0.859	1.319	0.798	0.982	1.141	1.139	0.791	0.788	0.817	0.978	1.140	0.801	0.893	0.900	1.122	0.879	0.891	1.562	0.926	0.779	0.993	1.281	0.857	0.970	0.802	1.178	0.838	0.844	1.134	1.442	0.722	0.790	0.785	0.928	1.322	1.410	0.793	1.305	1.228	1.285
19:10:07	1.228	0.806	1.282	1.029	0.914	0.938	0.917	0.906	0.977	0.856	0.883	1.145	0.981	1.044	0.914	1.031	1.436	0.897	0.767	0.858	0.949	0.933	0.906	1.835	1.169	0.691	1.384	0.977	1.013	0.931	0.893	0.898	0.766	0.883	0.873	1.117	0.924	0.845	0.953	0.842	0.855	0.792	1.436	0.890	0.881	0.862	0.825	0.947	0.948	1.062	0.872	0.869	1.222	0.909	1.183	1.319	0.858	1.330	0.799	0.986	1.153	1.154	0.791	0.787	0.817	0.978	1.146	0.801	0.893	0.901	1.134	0.877	0.906	1.589	0.927	0.778	0.996	1.291	0.858	0.969	0.800	1.187	0.841	0.846	1.150	1.453	0.721	0.791	0.785	0.927	1.336	1.422	0.793	1.313	1.240	1.296
19:20:07	1.242	0.815	1.291	1.030	0.914	0.937	0.916	0.904	0.975	0.856	0.881	1.156	0.998	1.056	0.915	1.030	1.451	0.895	0.762	0.858	0.950	0.933	0.906	1.842	1.184	0.689	1.397	0.978	1.015	0.934	0.893	0.897	0.758	0.885	0.874	1.127	0.929	0.853	0.953	0.841	0.854	0.790	1.444	0.891	0.881	0.862	0.820	0.947	0.955	1.074	0.871	0.870	1.230	0.909	1.198	1.332	0.859	1.341	0.797	0.990	1.165	1.169	0.790	0.786	0.817	0.977	1.146	0.803	0.893	0.901	1.147	0.881	0.920	1.610	0.928	0.769	0.996	1.303	0.858	0.965	0.797	1.199	0.836	0.842	1.162	1.461	0.719	0.791	0.786	0.926	1.350	1.434	0.794	1.321	1.250	1.306
19:30:07	1.257	0.826	1.300	1.031	0.912	0.939	0.913	0.904	0.977	0.855	0.883	1.170	1.011	1.071	0.915	1.032	1.467	0.895	0.763	0.858	0.950	0.935	0.906	1.851	1.197	0.690	1.411	0.979	1.017	0.934	0.893	0.898	0.758	0.885	0.874	1.135	0.934	0.861	0.952	0.840	0.853	0.790	1.452	0.889	0.882	0.861	0.820	0.950	0.963	1.086	0.873	0.872	1.238	0.911	1.213	1.347	0.858	1.352	0.796	0.994	1.178	1.185	0.790	0.785	0.815	0.978	1.153	0.803	0.894	0.902	1.160	0.876	0.937	1.624	0.933	0.770	0.999	1.313	0.859	0.965	0.797	1.211	0.837	0.843	1.176	1.472	0.717	0.791	0.786	0.926	1.363	1.447	0.794	1.333	1.263	1.318
19:40:07	1.270	0.838	1.312	1.030	0.908	0.938	0.913	0.904	0.977	0.854	0.882	1.183	1.027	1.083	0.916	1.033	1.480	0.894	0.761	0.857	0.950	0.935	0.906	1.856	1.208	0.690	1.422	0.979	1.019	0.935	0.893	0.895	0.749	0.885	0.874	1.145	0.939	0.870	0.952	0.837	0.851	0.787	1.463	0.880	0.881	0.862	0.818	0.949	0.969	1.097	0.873	0.873	1.247	0.912	1.229	1.361	0.858	1.365	0.797	0.997	1.190	1.200	0.789	0.784	0.814	0.976	1.152	0.800	0.891	0.902	1.173	0.879	0.953	1.636	0.933	0.767	1.001	1.324	0.857	0.966	0.795	1.223	0.836	0.837	1.189	1.481	0.717	0.789	0.789	0.922	1.375	1.453	0.793	1.343	1.270	1.329
19:50:07	1.283	0.847	1.323	1.030	0.907	0.936	0.906	0.902	0.978	0.853	0.881	1.199	1.038	1.095	0.915	1.031	1.494	0.892	0.760	0.856	0.952	0.932	0.905	1.863	1.221	0.689	1.433	0.978	1.017	0.936	0.893	0.895	0.748	0.884	0.874	1.153	0.944	0.878	0.951	0.835	0.849	0.787	1.474	0.878	0.882	0.861	0.817	0.951	0.977	1.107	0.872	0.872	1.250	0.912	1.242	1.371	0.857	1.377	0.796	1.000	1.201	1.216	0.788	0.783	0.813	0.976	1.156	0.800	0.892	0.891	1.186	0.877	0.971	1.647	0.933	0.768	1.004	1.336	0.857	0.966	0.794	1.234	0.836	0.837	1.202	1.487	0.715	0.789	0.791	0.921	1.389	1.464	0.793	1.351	1.281	1.341
20:00:07	1.297	0.859	1.333	1.031	0.905	0.938	0.906	0.903	0.977	0.851	0.880	1.209	1.052	1.107	0.916	1.032	1.506	0.890	0.760	0.855	0.952	0.931	0.904	1.868	1.231	0.689	1.447	0.979	1.018	0.937	0.892	0.895	0.748	0.883	0.873	1.164	0.949	0.886	0.951	0.833	0.848	0.783	1.483	0.878	0.880	0.859	0.817	0.953	0.984	1.119	0.873	0.873	1.259	0.913	1.258	1.383	0.857	1.387	0.795	1.004	1.212	1.234	0.787	0.782	0.813	0.975	1.161	0.798	0.891	0.883	1.198	0.879	0.989	1.661	0.935	0.765	1.006	1.346	0.857	0.966	0.794	1.245	0.831	0.837	1.214	1.496	0.716	0.787	0.791	0.920	1.399	1.475	0.792	1.364	1.293	1.352
20:10:07	1.308	0.872	1.344	1.031	0.907	0.937	0.906	0.903	0.975	0.851	0.880	1.224	1.064	1.120	0.915	1.032	1.517	0.888	0.758	0.856	0.953	0.931	0.904	1.874	1.240	0.690	1.461	0.981	1.019	0.941	0.891	0.895	0.748	0.884	0.872	1.174	0.953	0.896	0.951	0.833	0.847	0.782	1.495	0.876	0.879	0.860	0.817	0.954	0.991	1.130	0.872	0.874	1.269	0.913	1.274	1.394	0.855	1.400	0.794	1.008	1.224	1.250	0.787	0.779	0.813	0.975	1.163	0.798	0.889	0.884	1.212	0.878	1.007	1.672	0.934	0.766	1.008	1.354	0.858	0.967	0.792	1.258	0.830	0.836	1.226	1.506	0.714	0.785	0.792	0.919	1.412	1.486	0.791	1.375	1.304	1.363
20:20:07	1.319	0.881	1.354	1.032	0.906	0.937	0.904	0.903	0.975	0.852	0.876	1.236	1.075	1.133	0.916	1.032	1.530	0.889	0.757	0.855	0.955	0.931	0.904	1.880	1.253	0.690	1.475	0.981	1.017	0.942	0.891	0.895	0.747	0.883	0.872	1.185	0.958	0.904	0.951	0.832	0.846	0.781	1.506	0.875	0.880	0.860	0.818	0.957	0.997	1.140	0.871	0.875	1.278	0.914	1.290	1.406	0.855	1.412	0.788	1.010	1.231	1.266	0.787	0.779	0.812	0.970	1.170	0.799	0.888	0.885	1.225	0.881	1.026	1.681	0.934	0.764	1.010	1.365	0.858	0.968	0.792	1.272	0.828	0.836	1.236	1.515	0.713	0.781	0.793	0.917	1.422	1.498	0.790	1.385	1.315	1.374
20:30:07	1.328	0.891	1.364	1.031	0.906	0.937	0.903	0.901	0.976	0.852	0.876	1.250	1.088	1.144	0.916	1.033	1.543	0.885	0.756	0.856	0.953	0.931	0.905	1.885	1.263	0.689	1.488	0.981	1.019	0.943	0.886	0.893	0.747	0.884	0.871	1.197	0.960	0.913	0.952	0.829	0.844	0.781	1.515	0.873	0.879	0.861	0.818	0.955	1.004	1.151	0.871	0.876	1.291	0.914	1.306	1.417	0.853	1.426	0.787	1.009	1.238	1.280	0.787	0.778	0.812	0.969	1.175	0.797	0.887	0.885	1.237	0.876	1.045	1.690	0.936	0.765	1.013	1.375	0.858	0.968	0.792	1.284	0.828	0.836	1.247	1.522	0.712	0.781	0.793	0.918	1.433	1.511	0.790	1.397	1.327	1.386
20:40:07	1.337	0.902	1.374	1.030	0.906	0.936	0.903	0.901	0.977	0.850	0.876	1.264	1.099	1.154	0.916	1.030	1.555	0.885	0.754	0.858	0.954	0.932	0.905	1.889	1.274	0.688	1.502	0.975	1.020	0.946	0.886	0.892	0.746	0.883	0.868	1.208	0.964	0.922	0.951	0.828	0.844	0.780	1.527	0.872	0.878	0.861	0.816	0.955	1.011	1.162	0.872	0.875	1.302	0.914	1.321	1.430	0.851	1.439	0.784	1.013	1.248	1.295	0.786	0.777	0.813	0.968	1.181	0.797	0.887	0.885	1.249	0.878	1.063	1.699	0.934	0.763	1.013	1.386	0.859	0.968	0.790	1.294	0.827	0.838	1.258	1.531	0.711	0.781	0.795	0.909	1.444	1.524	0.785	1.408	1.339	1.399
20:50:07	1.345	0.913	1.384	1.028	0.906	0.932	0.901	0.901	0.978	0.850	0.877	1.278	1.111	1.165	0.916	1.031	1.569	0.884	0.752	0.859	0.954	0.932	0.904	1.895	1.283	0.687	1.517	0.975	1.022	0.948	0.885	0.892	0.731	0.882	0.870	1.221	0.966	0.931	0.952	0.828	0.838	0.780	1.537	0.870	0.878	0.861	0.816	0.957	1.017	1.173	0.872	0.875	1.314	0.914	1.330	1.442	0.851	1.453	0.783	1.018	1.256	1.310	0.785	0.770	0.805	0.969	1.187	0.797	0.886	0.886	1.262	0.878	1.081	1.704	0.936	0.764	1.015	1.399	0.859	0.968	0.789	1.307	0.827	0.838	1.268	1.541	0.710	0.773	0.794	0.910	1.454	1.539	0.782	1.420	1.350	1.411
21:00:07	1.354	0.924	1.395	1.022	0.906	0.933	0.901	0.898	0.979	0.848	0.878	1.292	1.122	1.176	0.917	1.032	1.581	0.884	0.752	0.857	0.952	0.932	0.905	1.898	1.292	0.688	1.531	0.975	1.023	0.950	0.885	0.891	0.725	0.876	0.868	1.234	0.971	0.939	0.952	0.826	0.835	0.778	1.548	0.870	0.879	0.860	0.818	0.960	1.023	1.184	0.872	0.876	1.327	0.915	1.343	1.451	0.852	1.466	0.782	1.023	1.266	1.325	0.784	0.768	0.805	0.969	1.193	0.798	0.887	0.887	1.274	0.881	1.102	1.713	0.937	0.761	1.018	1.409	0.859	0.970	0.789	1.320	0.826	0.839	1.276	1.553	0.708	0.767	0.797	0.910	1.464	1.551	0.781	1.432	1.360	1.425
21:10:07	1.361	0.935	1.406	1.022	0.904	0.933	0.901	0.898	0.977	0.845	0.879	1.308	1.133	1.186	0.917	1.033	1.593	0.884	0.750	0.857	0.952	0.936	0.904	1.902	1.299	0.687	1.544	0.975	1.025	0.945	0.885	0.890	0.724	0.876	0.868	1.247	0.975	0.949	0.951	0.825	0.835	0.777	1.553	0.867	0.879	0.861	0.819	0.961	1.028	1.196	0.872	0.876	1.339	0.914	1.359	1.462	0.851	1.478	0.776	1.026	1.275	1.339	0.784	0.767	0.806	0.968	1.199	0.797	0.887	0.888	1.283	0.877	1.119	1.720	0.937	0.763	1.019	1.421	0.860	0.970	0.787	1.331	0.828	0.833	1.287	1.563	0.708	0.765	0.798	0.909	1.473	1.562	0.780	1.442	1.371	1.437
21:20:07	1.370	0.946	1.416	1.021	0.904	0.935	0.900	0.895	0.975	0.841	0.879	1.320	1.144	1.195	0.918	1.033	1.602	0.882	0.749	0.857	0.954	0.935	0.903	1.902	1.307	0.686	1.558	0.975	1.026	0.947	0.884	0.892	0.723	0.876	0.869	1.261	0.974	0.958	0.951	0.825	0.833	0.776	1.561	0.866	0.878	0.861	0.817	0.961	1.035	1.207	0.871	0.875	1.353	0.916	1.375	1.469	0.848	1.492	0.775	1.029	1.285	1.353	0.784	0.766	0.803	0.965	1.203	0.798	0.886	0.887	1.293	0.878	1.138	1.727	0.935	0.760	1.020	1.431	0.860	0.971	0.786	1.343	0.826	0.834	1.296	1.576	0.707	0.764	0.800	0.909	1.482	1.574	0.779	1.450	1.383	1.447
21:30:07	1.379	0.958	1.427	1.022	0.903	0.934	0.900	0.895	0.975	0.841	0.874	1.335	1.154	1.206	0.918	1.033	1.613	0.881	0.748	0.857	0.954	0.936	0.902	1.903	1.319	0.686	1.571	0.975	1.028	0.948	0.884	0.892	0.723	0.874	0.868	1.274	0.986	0.967	0.952	0.823	0.832	0.776	1.571	0.865	0.878	0.860	0.818	0.963	1.041	1.219	0.871	0.874	1.366	0.918	1.393	1.479	0.847	1.501	0.774	1.033	1.294	1.366	0.782	0.765	0.803	0.966	1.209	0.797	0.887	0.887	1.305	0.879	1.156	1.736	0.936	0.761	1.021	1.443	0.858	0.971	0.784	1.343	0.827	0.834	1.306	1.587	0.707	0.761	0.802	0.910	1.491	1.585	0.776	1.462	1.394	1.458
21:40:07	1.386	0.969	1.438	1.021	0.901	0.933	0.901	0.895	0.973	0.840	0.874	1.350	1.166	1.215	0.919	1.032	1.622	0.879	0.748	0.858	0.955	0.932	0.900	1.904	1.322	0.685	1.583	0.975	1.029	0.949	0.884	0.893	0.723	0.873	0.866	1.287	0.989	0.975	0.951	0.823	0.825	0.774	1.580	0.864	0.878	0.860	0.820	0.965	1.046	1.234	0.872	0.873	1.379	0.917	1.409	1.489	0.844	1.510	0.771	1.036	1.298	1.380	0.782	0.760	0.801	0.965	1.214	0.798	0.888	0.888	1.312	0.881	1.175	1.742	0.937	0.758	1.022	1.455	0.858	0.971	0.782	1.355	0.823	0.832	1.314	1.596	0.694	0.761	0.803	0.909	1.501	1.593	0.775	1.474	1.401	1.470
21:50:07	1.392	0.980	1.449	1.020	0.900	0.929	0.900	0.891	0.973	0.840	0.874	1.365	1.176	1.225	0.919	1.032	1.629	0.877	0.745	0.857	0.955	0.932	0.897	1.906	1.331	0.685	1.595	0.973	1.031	0.950	0.883	0.892	0.717	0.872	0.866	1.301	0.995	0.984	0.951	0.822	0.825	0.774	1.589	0.864	0.878	0.859	0.822	0.967	1.050	1.250	0.872	0.874	1.393	0.917	1.427	1.499	0.843	1.518	0.769	1.038	1.313	1.393	0.780	0.759	0.802	0.963	1.219	0.798	0.887	0.887	1.320	0.879	1.195	1.748	0.939	0.759	1.022	1.467	0.859	0.971	0.781	1.367	0.820	0.829	1.323	1.606	0.687	0.760	0.804	0.910	1.509	1.605	0.775	1.483	1.411	1.484
22:00:07	1.400	0.992	1.460	1.020	0.900	0.929	0.900	0.890	0.975	0.840	0.876	1.380	1.188	1.235	0.919	1.033	1.639	0.877	0.743	0.858	0.957	0.932	0.898	1.910	1.337	0.684	1.607	0.974	1.033	0.951	0.884	0.893	0.717	0.872	0.862	1.313	1.004	0.994	0.952	0.822	0.825	0.774	1.599	0.863	0.877	0.859	0.824	0.969	1.056	1.266	0.871	0.875	1.409	0.918	1.446	1.510	0.843	1.530	0.768	1.043	1.321	1.405	0.781	0.758	0.802	0.962	1.224	0.798	0.887	0.888	1.330	0.883	1.220	1.755	0.940	0.756	1.023	1.473	0.856	0.973	0.776	1.380	0.820	0.830	1.333	1.617	0.686	0.761	0.807	0.909	1.512	1.615	0.774	1.495	1.420	1.496
22:10:07	1.406	1.004	1.471	1.020	0.899	0.930	0.900	0.889	0.975	0.836	0.875	1.395	1.199	1.243	0.920	1.034	1.645	0.875	0.740	0.858	0.956	0.933	0.897	1.911	1.344	0.684	1.617	0.973	1.033	0.951	0.884	0.888	0.715	0.871	0.854	1.324	1.011	1.003	0.951	0.819	0.824	0.773	1.607	0.861	0.876	0.855	0.825	0.972	1.061	1.282	0.872	0.875	1.429	0.919	1.463	1.520	0.842	1.540	0.766	1.048	1.325	1.417	0.779	0.757	0.798	0.961	1.229	0.793	0.874	0.887	1.335	0.878	1.239	1.760	0.941	0.759	1.022	1.486	0.853	0.974	0.775	1.391	0.820	0.829	1.341	1.627	0.685	0.760	0.808	0.907	1.521	1.623	0.770	1.505	1.430	1.513
22:20:07	1.413	1.015	1.482	1.021	0.898	0.924	0.899	0.887	0.977	0.836	0.876	1.409	1.210	1.252	0.920	1.033	1.653	0.875	0.737	0.857	0.956	0.934	0.897	1.913	1.350	0.684	1.627	0.974	1.035	0.952	0.885	0.888	0.715	0.869	0.853	1.340	1.014	1.012	0.952	0.818	0.823	0.775	1.615	0.859	0.876	0.855	0.829	0.974	1.067	1.298	0.872	0.874	1.437	0.919	1.472	1.530	0.841	1.548	0.764	1.048	1.331	1.426	0.779	0.757	0.798	0.961	1.233	0.793	0.873	0.879	1.343	0.881	1.257	1.765	0.941	0.757	1.022	1.499	0.854	0.973	0.774	1.402	0.819	0.830	1.350	1.635	0.685	0.757	0.811	0.905	1.526	1.631	0.769	1.516	1.440	1.524
22:30:07	1.419	1.026	1.492	1.018	0.898	0.922	0.899	0.886	0.970	0.834	0.873	1.422	1.220	1.259	0.920	1.031	1.660	0.874	0.734	0.848	0.957	0.932	0.896	1.914	1.357	0.682	1.634	0.969	1.032	0.950	0.885	0.887	0.715	0.872	0.852	1.355	1.023	1.021	0.952	0.816	0.821	0.774	1.623	0.858	0.879	0.855	0.832	0.973	1.073	1.311	0.870	0.873	1.456	0.918	1.481	1.540	0.838	1.555	0.762	1.050	1.336	1.435	0.778	0.755	0.793	0.958	1.237	0.795	0.871	0.877	1.349	0.858	1.271	1.770	0.940	0.755	1.024	1.512	0.856	0.972	0.771	1.413	0.820	0.828	1.358	1.641	0.683	0.756	0.811	0.904	1.531	1.635	0.767	1.528	1.440	1.529
22:40:07	1.426	1.038	1.504	1.016	0.895	0.923	0.899	0.884	0.968	0.829	0.873	1.433	1.232	1.268	0.921	1.031	1.666	0.871	0.732	0.848	0.956	0.930	0.896	1.916	1.360	0.681	1.643	0.969	1.031	0.952	0.884	0.887	0.714	0.868	0.851	1.366	1.030	1.031	0.952	0.815	0.821	0.774	1.630	0.855	0.876	0.854	0.829	0.974	1.079	1.323	0.868	0.874	1.471	0.915	1.498	1.551	0.837	1.563	0.760	1.042	1.344	1.443	0.778	0.754	0.792	0.957	1.243	0.795	0.870	0.876	1.356	0.854	1.288	1.776	0.939	0.755	1.025	1.525	0.857	0.972	0.768	1.427	0.820	0.828	1.366	1.649	0.682	0.757	0.812	0.904	1.539	1.643	0.767	1.539	1.450	1.537
22:50:07	1.432	1.050	1.515	1.016	0.895	0.922	0.895	0.883	0.969	0.828	0.872	1.444	1.241	1.275	0.922	1.032	1.673	0.870	0.732	0.844	0.957	0.927	0.895	1.917	1.369	0.681	1.649	0.968	1.031	0.950	0.883	0.888	0.713	0.867	0.848	1.381	1.038	1.041	0.953	0.812	0.820	0.773	1.637	0.854	0.875	0.854	0.832	0.976	1.084	1.335	0.866	0.873	1.484	0.915	1.512	1.561	0.835	1.570	0.758	1.045	1.352	1.450	0.777	0.752	0.791	0.955	1.248	0.795	0.869	0.875	1.365	0.851	1.303	1.780	0.940	0.751	1.024	1.535	0.857	0.972	0.767	1.437	0.820	0.828	1.374	1.653	0.680	0.756	0.814	0.905	1.544	1.652	0.765	1.548	1.457	1.546
23:00:07	1.437	1.063	1.526	1.015	0.894	0.921	0.895	0.883	0.970	0.828	0.874	1.458	1.252	1.284	0.923	1.030	1.678	0.870	0.730	0.846	0.957	0.926	0.895	1.920	1.377	0.681	1.658	0.965	1.033	0.948	0.882	0.888	0.714	0.865	0.848	1.394	1.046	1.051	0.954	0.810	0.820	0.772	1.644	0.852	0.876	0.853	0.835	0.978	1.091	1.347	0.867	0.873	1.495	0.915	1.529	1.573	0.835	1.573	0.751	1.049	1.359	1.458	0.775	0.752	0.786	0.954	1.253	0.794	0.870	0.875	1.372	0.853	1.317	1.784	0.941	0.750	1.024	1.545	0.854	0.973	0.767	1.450	0.819	0.829	1.382	1.657	0.680	0.756	0.814	0.904	1.552	1.658	0.763	1.557	1.467	1.558
23:10:07	1.442	1.078	1.537	1.016	0.895	0.921	0.896	0.883	0.972	0.829	0.875	1.468	1.260	1.292	0.925	1.031	1.682	0.869	0.730	0.846	0.958	0.928	0.896	1.922	1.383	0.679	1.665	0.966	1.036	0.949	0.881	0.890	0.714	0.866	0.848	1.411	1.053	1.060	0.954	0.810	0.819	0.775	1.651	0.846	0.876	0.852	0.840	0.982	1.097	1.358	0.867	0.874	1.511	0.916	1.540	1.581	0.834	1.581	0.751	1.054	1.368	1.465	0.775	0.751	0.785	0.955	1.257	0.795	0.871	0.876	1.381	0.850	1.334	1.788	0.942	0.751	1.025	1.555	0.854	0.973	0.767	1.465	0.822	0.831	1.391	1.663	0.681	0.756	0.815	0.904	1.559	1.665	0.763	1.566	1.472	1.568
23:20:07	1.447	1.092	1.547	1.016	0.894	0.921	0.895	0.881	0.972	0.828	0.874	1.477	1.271	1.301	0.926	1.032	1.689	0.867	0.729	0.842	0.959	0.927	0.896	1.925	1.388	0.679	1.672	0.966	1.037	0.951	0.878	0.890	0.714	0.864	0.848	1.424	1.062	1.071	0.957	0.808	0.818	0.772	1.654	0.845	0.869	0.853	0.845	0.983	1.105	1.368	0.867	0.873	1.519	0.915	1.550	1.593	0.833	1.587	0.750	1.058	1.375	1.471	0.773	0.750	0.782	0.955	1.260	0.794	0.871	0.876	1.388	0.850	1.352	1.793	0.944	0.749	1.027	1.563	0.855	0.973	0.759	1.474	0.818	0.831	1.400	1.669	0.680	0.757	0.817	0.904	1.567	1.672	0.762	1.575	1.481	1.577
23:30:07	1.452	1.107	1.558	1.015	0.891	0.922	0.895	0.880	0.963	0.827	0.874	1.489	1.281	1.308	0.926	1.031	1.694	0.866	0.727	0.842	0.959	0.927	0.895	1.926	1.392	0.679	1.679	0.964	1.038	0.949	0.876	0.891	0.713	0.863	0.846	1.438	1.070	1.080	0.957	0.806	0.816	0.771	1.659	0.842	0.865	0.852	0.848	0.985	1.111	1.378	0.867	0.874	1.530	0.909	1.560	1.601	0.832	1.593	0.748	1.061	1.382	1.477	0.772	0.749	0.781	0.954	1.265	0.794	0.870	0.875	1.397	0.847	1.369	1.796	0.944	0.750	1.028	1.572	0.857	0.974	0.758	1.486	0.818	0.832	1.410	1.674	0.679	0.756	0.817	0.903	1.574	1.677	0.761	1.583	1.486	1.582
23:40:07	1.457	1.120	1.569	1.015	0.891	0.919	0.895	0.880	0.964	0.822	0.875	1.501	1.289	1.316	0.927	1.032	1.701	0.865	0.727	0.842	0.957	0.928	0.895	1.929	1.395	0.678	1.686	0.960	1.040	0.950	0.875	0.891	0.713	0.864	0.846	1.454	1.078	1.090	0.958	0.806	0.815	0.771	1.664	0.841	0.865	0.852	0.851	0.989	1.118	1.387	0.866	0.874	1.541	0.910	1.570	1.612	0.831	1.601	0.747	1.063	1.388	1.483	0.772	0.748	0.782	0.949	1.269	0.794	0.871	0.871	1.405	0.850	1.385	1.800	0.947	0.749	1.029	1.579	0.860	0.965	0.757	1.500	0.817	0.833	1.420	1.680	0.679	0.756	0.798	0.904	1.581	1.681	0.759	1.590	1.496	1.587
23:50:07	1.462	1.132	1.578	1.014	0.890	0.917	0.895	0.879	0.960	0.821	0.875	1.513	1.298	1.324	0.929	1.031	1.708	0.863	0.725	0.829	0.960	0.928	0.893	1.930	1.399	0.678	1.692	0.961	1.040	0.950	0.872	0.890	0.712	0.862	0.846	1.468	1.089	1.100	0.958	0.796	0.805	0.762	1.668	0.838	0.864	0.843	0.855	0.990	1.123	1.397	0.866	0.874	1.551	0.910	1.579	1.621	0.831	1.606	0.746	1.067	1.394	1.488	0.770	0.747	0.781	0.948	1.273	0.794	0.869	0.867	1.409	0.847	1.395	1.803	0.947	0.750	1.030	1.586	0.861	0.965	0.756	1.507	0.818	0.834	1.430	1.683	0.680	0.752	0.794	0.900	1.588	1.686	0.758	1.596	1.502	1.594
24:00:07	1.467	1.146	1.587	1.013	0.890	0.917	0.896	0.881	0.961	0.821	0.875	1.523	1.308	1.332	0.930	1.031	1.716	0.862	0.723	0.824	0.960	0.928	0.893	1.932	1.403	0.677	1.699	0.962	1.043	0.949	0.872	0.891	0.713	0.860	0.847	1.482	1.097	1.110	0.960	0.795	0.804	0.761	1.673	0.838	0.865	0.842	0.857	0.994	1.130	1.407	0.866	0.875	1.560	0.912	1.590	1.630	0.830	1.611	0.744	1.066	1.400	1.494	0.769	0.746	0.780	0.948	1.278	0.795	0.870	0.862	1.411	0.850	1.406	1.807	0.949	0.748	1.031	1.593	0.860	0.967	0.756	1.521	0.818	0.832	1.441	1.688	0.676	0.752	0.792	0.899	1.596	1.692	0.759	1.602	1.512	1.601