Kinetic read	A1	A2	A3	A4	A5	A6	A7	A8	A9	A10	A11	A12	B1	B2	B3	B4	B5	B6	B7	B8	B9	B10	B11	B12	C1	C2	C3	C4	C5	C6	C7	C8	C9	C10	C11	C12	D1	D2	D3	D4	D5	D6	D7	D8	D9	D10	D11	D12	E1	E2	E3	E4	E5	E6	E7	E8	E9	E10	E11	E12	F1	F2	F3	F4	F5	F6	F7	F8	F9	F10	F11	F12	G1	G2	G3	G4	G5	G6	G7	G8	G9	G10	G11	G12	H1	H2	H3	H4	H5	H6	H7	H8	H9	H10	H11	H12
0:00:07	0.087	0.081	0.082	0.088	0.091	0.082	0.086	0.083	0.083	0.083	0.082	0.084	0.084	0.082	0.087	0.083	0.088	0.084	0.086	0.087	0.086	0.082	0.082	0.082	0.082	0.083	0.081	0.083	0.082	0.083	0.081	0.082	0.082	0.081	0.082	0.081	0.082	0.084	0.081	0.087	0.098	0.089	0.082	0.081	0.084	0.081	0.081	0.081	0.082	0.081	0.080	0.084	0.088	0.096	0.082	0.082	0.082	0.080	0.082	0.082	0.081	0.082	0.081	0.089	0.086	0.081	0.082	0.091	0.081	0.081	0.082	0.083	0.080	0.082	0.082	0.083	0.090	0.090	0.081	0.084	0.082	0.083	0.084	0.084	0.082	0.081	0.082	0.083	0.082	0.081	0.081	0.089	0.083	0.083	0.080	0.082
0:10:07	0.085	0.080	0.081	0.086	0.093	0.087	0.085	0.082	0.081	0.083	0.080	0.083	0.083	0.080	0.086	0.083	0.087	0.083	0.084	0.087	0.085	0.080	0.081	0.081	0.080	0.080	0.080	0.082	0.081	0.082	0.080	0.081	0.081	0.080	0.080	0.080	0.081	0.083	0.080	0.087	0.098	0.088	0.081	0.080	0.082	0.080	0.080	0.080	0.081	0.080	0.079	0.083	0.088	0.095	0.081	0.081	0.081	0.079	0.081	0.080	0.079	0.081	0.080	0.089	0.085	0.081	0.082	0.090	0.080	0.080	0.081	0.081	0.079	0.081	0.081	0.082	0.089	0.089	0.080	0.083	0.081	0.082	0.083	0.081	0.081	0.080	0.081	0.082	0.081	0.080	0.080	0.088	0.082	0.083	0.080	0.081
0:20:07	0.084	0.079	0.081	0.086	0.092	0.086	0.084	0.081	0.080	0.081	0.079	0.082	0.083	0.080	0.086	0.082	0.087	0.083	0.084	0.086	0.085	0.080	0.080	0.080	0.080	0.079	0.080	0.081	0.080	0.081	0.080	0.081	0.080	0.080	0.080	0.079	0.080	0.082	0.079	0.087	0.097	0.088	0.081	0.080	0.081	0.080	0.080	0.079	0.080	0.079	0.079	0.083	0.087	0.094	0.080	0.080	0.080	0.079	0.080	0.080	0.079	0.080	0.080	0.088	0.084	0.080	0.082	0.090	0.079	0.080	0.080	0.081	0.078	0.081	0.080	0.081	0.089	0.088	0.079	0.082	0.081	0.082	0.083	0.079	0.081	0.080	0.080	0.081	0.080	0.080	0.079	0.088	0.081	0.082	0.079	0.081
0:30:07	0.083	0.079	0.080	0.086	0.092	0.085	0.083	0.081	0.080	0.080	0.079	0.081	0.082	0.079	0.085	0.081	0.086	0.083	0.083	0.086	0.084	0.079	0.080	0.080	0.079	0.078	0.079	0.081	0.080	0.080	0.079	0.080	0.079	0.079	0.079	0.079	0.080	0.081	0.079	0.086	0.096	0.087	0.080	0.079	0.080	0.079	0.079	0.079	0.080	0.079	0.078	0.082	0.086	0.094	0.080	0.079	0.080	0.078	0.080	0.080	0.078	0.080	0.079	0.088	0.083	0.079	0.081	0.089	0.078	0.079	0.080	0.080	0.078	0.080	0.080	0.081	0.088	0.088	0.079	0.081	0.080	0.082	0.083	0.079	0.082	0.079	0.080	0.081	0.080	0.079	0.079	0.088	0.081	0.082	0.079	0.081
0:40:07	0.083	0.078	0.080	0.086	0.093	0.085	0.084	0.081	0.080	0.080	0.079	0.081	0.082	0.079	0.085	0.081	0.086	0.083	0.083	0.086	0.084	0.079	0.080	0.080	0.079	0.078	0.079	0.081	0.080	0.080	0.079	0.080	0.080	0.079	0.079	0.079	0.080	0.081	0.079	0.086	0.096	0.086	0.080	0.079	0.080	0.079	0.079	0.079	0.079	0.079	0.078	0.082	0.086	0.093	0.080	0.079	0.079	0.078	0.079	0.080	0.078	0.080	0.079	0.088	0.083	0.079	0.081	0.089	0.078	0.079	0.080	0.080	0.078	0.080	0.080	0.081	0.088	0.087	0.079	0.081	0.080	0.081	0.083	0.079	0.083	0.080	0.081	0.084	0.083	0.082	0.082	0.091	0.082	0.083	0.079	0.081
0:50:07	0.083	0.079	0.080	0.086	0.093	0.086	0.084	0.081	0.080	0.081	0.079	0.082	0.082	0.079	0.085	0.082	0.086	0.083	0.084	0.087	0.084	0.080	0.081	0.082	0.079	0.078	0.080	0.081	0.080	0.080	0.080	0.080	0.080	0.079	0.080	0.080	0.081	0.082	0.079	0.086	0.097	0.087	0.081	0.080	0.080	0.079	0.079	0.079	0.080	0.079	0.078	0.083	0.087	0.095	0.081	0.080	0.080	0.078	0.080	0.081	0.078	0.080	0.080	0.090	0.085	0.081	0.083	0.093	0.080	0.080	0.080	0.081	0.080	0.083	0.083	0.083	0.092	0.091	0.088	0.091	0.084	0.085	0.085	0.082	0.085	0.083	0.085	0.087	0.086	0.086	0.086	0.095	0.086	0.086	0.082	0.084
1:00:07	0.083	0.079	0.081	0.088	0.095	0.089	0.087	0.085	0.083	0.089	0.081	0.084	0.083	0.080	0.087	0.083	0.088	0.085	0.086	0.089	0.086	0.082	0.087	0.091	0.080	0.079	0.082	0.083	0.082	0.083	0.082	0.083	0.083	0.082	0.083	0.084	0.082	0.084	0.082	0.089	0.100	0.090	0.084	0.082	0.083	0.081	0.083	0.082	0.082	0.081	0.081	0.086	0.090	0.098	0.084	0.084	0.084	0.081	0.084	0.086	0.080	0.082	0.084	0.093	0.088	0.084	0.086	0.097	0.083	0.083	0.083	0.085	0.082	0.085	0.086	0.086	0.095	0.094	0.090	0.094	0.088	0.090	0.091	0.093	0.086	0.085	0.086	0.093	0.093	0.094	0.095	0.107	0.095	0.091	0.091	0.091
1:10:07	0.083	0.079	0.083	0.095	0.102	0.099	0.096	0.096	0.095	0.101	0.084	0.091	0.083	0.081	0.088	0.086	0.094	0.091	0.094	0.100	0.091	0.091	0.099	0.102	0.081	0.080	0.083	0.085	0.084	0.086	0.088	0.088	0.090	0.089	0.093	0.095	0.083	0.085	0.084	0.091	0.102	0.093	0.087	0.087	0.087	0.088	0.094	0.089	0.082	0.082	0.082	0.088	0.093	0.101	0.088	0.088	0.092	0.087	0.095	0.098	0.081	0.083	0.085	0.095	0.091	0.088	0.089	0.109	0.089	0.089	0.091	0.094	0.083	0.086	0.089	0.089	0.101	0.099	0.105	0.107	0.099	0.103	0.104	0.107	0.087	0.086	0.090	0.105	0.104	0.106	0.108	0.122	0.109	0.101	0.104	0.102
1:20:07	0.084	0.080	0.087	0.104	0.111	0.110	0.106	0.108	0.106	0.112	0.091	0.100	0.084	0.082	0.090	0.094	0.105	0.101	0.106	0.112	0.101	0.102	0.111	0.113	0.081	0.081	0.085	0.090	0.089	0.097	0.099	0.098	0.101	0.099	0.105	0.105	0.084	0.086	0.087	0.096	0.110	0.102	0.095	0.098	0.098	0.099	0.106	0.100	0.083	0.084	0.084	0.093	0.100	0.110	0.097	0.100	0.106	0.098	0.108	0.109	0.082	0.084	0.088	0.099	0.096	0.096	0.096	0.129	0.100	0.099	0.101	0.105	0.083	0.088	0.094	0.097	0.113	0.109	0.125	0.126	0.111	0.116	0.116	0.118	0.088	0.088	0.095	0.116	0.116	0.118	0.121	0.136	0.121	0.113	0.116	0.113
1:30:07	0.084	0.080	0.091	0.112	0.119	0.119	0.116	0.118	0.116	0.121	0.099	0.109	0.084	0.082	0.093	0.103	0.115	0.111	0.116	0.123	0.111	0.113	0.122	0.123	0.082	0.081	0.088	0.098	0.098	0.108	0.109	0.109	0.111	0.109	0.115	0.115	0.084	0.087	0.089	0.105	0.120	0.113	0.105	0.109	0.110	0.109	0.116	0.109	0.084	0.084	0.085	0.102	0.110	0.120	0.109	0.112	0.120	0.109	0.119	0.119	0.082	0.085	0.090	0.107	0.106	0.107	0.106	0.146	0.110	0.109	0.111	0.115	0.084	0.089	0.102	0.105	0.124	0.120	0.143	0.144	0.122	0.127	0.127	0.129	0.089	0.089	0.101	0.126	0.126	0.129	0.132	0.148	0.132	0.123	0.127	0.122
1:40:07	0.084	0.080	0.096	0.119	0.126	0.128	0.124	0.128	0.125	0.130	0.106	0.117	0.084	0.082	0.097	0.111	0.124	0.120	0.126	0.133	0.121	0.122	0.131	0.131	0.082	0.082	0.092	0.106	0.106	0.118	0.118	0.119	0.121	0.118	0.125	0.123	0.084	0.087	0.094	0.113	0.129	0.123	0.115	0.119	0.120	0.119	0.126	0.118	0.084	0.084	0.086	0.111	0.120	0.130	0.119	0.122	0.132	0.119	0.129	0.128	0.082	0.085	0.094	0.115	0.115	0.116	0.116	0.161	0.121	0.119	0.120	0.124	0.084	0.090	0.109	0.113	0.134	0.130	0.159	0.160	0.133	0.137	0.137	0.139	0.089	0.091	0.107	0.135	0.135	0.139	0.142	0.160	0.142	0.132	0.137	0.131
1:50:07	0.084	0.080	0.100	0.126	0.132	0.136	0.132	0.137	0.133	0.138	0.113	0.124	0.084	0.083	0.101	0.118	0.133	0.129	0.134	0.142	0.129	0.131	0.140	0.139	0.082	0.082	0.097	0.114	0.114	0.127	0.127	0.129	0.131	0.126	0.134	0.131	0.084	0.088	0.099	0.121	0.138	0.132	0.124	0.128	0.129	0.128	0.134	0.126	0.084	0.085	0.087	0.119	0.129	0.139	0.129	0.132	0.143	0.128	0.139	0.137	0.083	0.086	0.100	0.123	0.125	0.126	0.126	0.175	0.130	0.128	0.129	0.133	0.084	0.092	0.117	0.121	0.144	0.140	0.173	0.174	0.142	0.147	0.145	0.147	0.090	0.093	0.114	0.144	0.145	0.149	0.152	0.170	0.151	0.141	0.146	0.139
2:00:07	0.084	0.080	0.103	0.132	0.138	0.143	0.140	0.144	0.140	0.145	0.120	0.131	0.084	0.083	0.105	0.125	0.140	0.136	0.142	0.150	0.137	0.138	0.148	0.147	0.082	0.082	0.101	0.121	0.122	0.135	0.135	0.137	0.138	0.134	0.141	0.138	0.084	0.088	0.103	0.129	0.146	0.141	0.132	0.136	0.138	0.135	0.142	0.134	0.084	0.085	0.089	0.127	0.137	0.147	0.137	0.141	0.152	0.136	0.147	0.144	0.082	0.086	0.106	0.131	0.133	0.134	0.134	0.188	0.138	0.135	0.136	0.141	0.084	0.093	0.124	0.128	0.152	0.148	0.185	0.187	0.152	0.156	0.153	0.155	0.090	0.095	0.120	0.152	0.153	0.157	0.160	0.180	0.160	0.150	0.154	0.146
2:10:07	0.084	0.081	0.107	0.138	0.143	0.150	0.146	0.152	0.147	0.153	0.126	0.138	0.084	0.082	0.109	0.131	0.147	0.143	0.150	0.158	0.143	0.146	0.156	0.154	0.082	0.082	0.106	0.127	0.129	0.142	0.142	0.145	0.146	0.141	0.149	0.145	0.084	0.088	0.108	0.136	0.153	0.149	0.139	0.144	0.146	0.142	0.149	0.141	0.084	0.085	0.091	0.134	0.144	0.155	0.145	0.149	0.161	0.144	0.155	0.151	0.083	0.086	0.111	0.138	0.141	0.142	0.142	0.199	0.146	0.143	0.143	0.148	0.085	0.095	0.130	0.135	0.160	0.156	0.196	0.198	0.162	0.164	0.161	0.162	0.090	0.096	0.125	0.159	0.161	0.166	0.168	0.189	0.168	0.157	0.162	0.153
2:20:07	0.085	0.081	0.111	0.144	0.148	0.157	0.153	0.160	0.154	0.159	0.132	0.145	0.085	0.083	0.112	0.137	0.154	0.149	0.157	0.165	0.151	0.153	0.163	0.161	0.082	0.083	0.110	0.133	0.135	0.150	0.149	0.152	0.153	0.147	0.156	0.151	0.084	0.089	0.112	0.142	0.160	0.156	0.147	0.151	0.154	0.149	0.157	0.147	0.084	0.085	0.093	0.141	0.151	0.163	0.153	0.157	0.170	0.151	0.163	0.158	0.083	0.086	0.117	0.145	0.149	0.149	0.149	0.210	0.153	0.150	0.150	0.155	0.085	0.097	0.137	0.142	0.168	0.164	0.206	0.208	0.172	0.172	0.168	0.170	0.091	0.099	0.131	0.166	0.168	0.174	0.176	0.197	0.175	0.165	0.169	0.160
2:30:07	0.085	0.081	0.114	0.149	0.154	0.163	0.159	0.166	0.161	0.166	0.138	0.150	0.085	0.083	0.116	0.143	0.160	0.156	0.163	0.173	0.158	0.159	0.169	0.167	0.082	0.083	0.114	0.139	0.141	0.156	0.156	0.159	0.160	0.154	0.162	0.158	0.084	0.089	0.117	0.148	0.167	0.163	0.153	0.157	0.161	0.156	0.163	0.154	0.084	0.086	0.096	0.147	0.158	0.170	0.159	0.164	0.178	0.158	0.170	0.163	0.083	0.086	0.122	0.151	0.156	0.156	0.156	0.219	0.160	0.157	0.157	0.162	0.085	0.099	0.142	0.148	0.175	0.171	0.215	0.217	0.181	0.179	0.175	0.177	0.091	0.101	0.137	0.172	0.175	0.181	0.184	0.204	0.183	0.172	0.176	0.166
2:40:07	0.085	0.081	0.117	0.154	0.159	0.169	0.164	0.172	0.166	0.172	0.144	0.156	0.085	0.083	0.120	0.149	0.166	0.162	0.169	0.178	0.164	0.165	0.175	0.173	0.082	0.083	0.118	0.145	0.147	0.162	0.162	0.166	0.166	0.159	0.168	0.163	0.084	0.089	0.121	0.154	0.173	0.170	0.160	0.164	0.167	0.161	0.170	0.160	0.084	0.086	0.098	0.153	0.164	0.176	0.166	0.170	0.186	0.164	0.176	0.170	0.083	0.086	0.127	0.157	0.162	0.162	0.163	0.228	0.166	0.162	0.162	0.168	0.085	0.101	0.147	0.154	0.182	0.178	0.222	0.226	0.189	0.186	0.181	0.183	0.092	0.103	0.142	0.178	0.181	0.188	0.191	0.211	0.189	0.178	0.182	0.172
2:50:07	0.085	0.081	0.121	0.159	0.163	0.174	0.170	0.179	0.172	0.178	0.149	0.162	0.085	0.084	0.123	0.154	0.172	0.168	0.176	0.185	0.170	0.171	0.181	0.179	0.082	0.083	0.122	0.150	0.153	0.169	0.168	0.172	0.172	0.165	0.174	0.170	0.084	0.090	0.125	0.160	0.178	0.176	0.167	0.170	0.173	0.168	0.176	0.166	0.084	0.086	0.101	0.158	0.170	0.183	0.172	0.177	0.193	0.170	0.183	0.175	0.083	0.086	0.132	0.162	0.169	0.169	0.170	0.236	0.172	0.169	0.168	0.174	0.085	0.103	0.153	0.159	0.188	0.184	0.231	0.234	0.197	0.192	0.188	0.189	0.092	0.105	0.147	0.184	0.187	0.194	0.198	0.218	0.195	0.184	0.189	0.178
3:00:07	0.085	0.081	0.123	0.163	0.168	0.180	0.175	0.185	0.177	0.184	0.154	0.167	0.086	0.083	0.127	0.159	0.177	0.173	0.181	0.191	0.176	0.177	0.186	0.185	0.083	0.083	0.125	0.155	0.158	0.175	0.174	0.178	0.178	0.171	0.180	0.175	0.084	0.090	0.128	0.165	0.184	0.183	0.172	0.175	0.179	0.174	0.181	0.171	0.084	0.086	0.103	0.163	0.176	0.188	0.178	0.183	0.200	0.176	0.189	0.180	0.083	0.086	0.136	0.168	0.175	0.174	0.176	0.243	0.178	0.175	0.174	0.180	0.086	0.105	0.157	0.164	0.194	0.191	0.237	0.241	0.203	0.197	0.195	0.194	0.093	0.107	0.152	0.190	0.193	0.200	0.204	0.224	0.201	0.190	0.194	0.184
3:10:07	0.085	0.082	0.126	0.168	0.173	0.185	0.181	0.191	0.183	0.189	0.160	0.172	0.086	0.084	0.131	0.164	0.183	0.179	0.187	0.196	0.181	0.183	0.191	0.189	0.083	0.084	0.129	0.161	0.163	0.180	0.179	0.184	0.183	0.176	0.185	0.181	0.085	0.091	0.132	0.171	0.190	0.189	0.178	0.180	0.185	0.179	0.187	0.176	0.085	0.087	0.106	0.169	0.181	0.194	0.184	0.189	0.207	0.181	0.195	0.186	0.084	0.087	0.141	0.173	0.181	0.179	0.182	0.251	0.185	0.181	0.179	0.185	0.086	0.107	0.162	0.170	0.200	0.197	0.245	0.248	0.209	0.203	0.200	0.200	0.094	0.110	0.156	0.196	0.199	0.206	0.210	0.231	0.206	0.197	0.200	0.188
3:20:07	0.085	0.082	0.129	0.172	0.177	0.190	0.185	0.196	0.188	0.195	0.165	0.177	0.087	0.084	0.134	0.169	0.188	0.184	0.192	0.202	0.187	0.188	0.196	0.194	0.084	0.084	0.133	0.165	0.168	0.186	0.184	0.189	0.189	0.181	0.190	0.186	0.085	0.092	0.137	0.175	0.195	0.195	0.184	0.186	0.192	0.184	0.192	0.181	0.085	0.087	0.108	0.174	0.186	0.199	0.190	0.195	0.213	0.187	0.202	0.192	0.084	0.087	0.145	0.178	0.188	0.185	0.187	0.257	0.190	0.187	0.185	0.190	0.087	0.109	0.167	0.175	0.206	0.203	0.252	0.254	0.214	0.209	0.206	0.205	0.095	0.112	0.161	0.202	0.205	0.212	0.215	0.237	0.211	0.202	0.206	0.194
3:30:07	0.086	0.082	0.132	0.177	0.182	0.195	0.190	0.201	0.193	0.201	0.170	0.181	0.087	0.084	0.138	0.173	0.193	0.189	0.197	0.207	0.192	0.194	0.201	0.199	0.084	0.084	0.137	0.170	0.172	0.191	0.189	0.194	0.194	0.187	0.195	0.191	0.085	0.093	0.140	0.181	0.200	0.200	0.190	0.191	0.197	0.190	0.198	0.187	0.086	0.088	0.111	0.178	0.191	0.205	0.195	0.200	0.220	0.193	0.207	0.197	0.085	0.088	0.150	0.183	0.193	0.191	0.194	0.264	0.196	0.193	0.190	0.195	0.087	0.112	0.172	0.180	0.211	0.208	0.258	0.261	0.220	0.215	0.212	0.210	0.095	0.115	0.166	0.207	0.211	0.217	0.221	0.244	0.217	0.208	0.210	0.199
3:40:07	0.086	0.082	0.135	0.181	0.187	0.201	0.195	0.207	0.198	0.206	0.175	0.185	0.088	0.085	0.141	0.177	0.198	0.194	0.203	0.212	0.197	0.199	0.206	0.204	0.085	0.084	0.140	0.175	0.177	0.195	0.194	0.199	0.200	0.192	0.199	0.196	0.086	0.094	0.144	0.185	0.206	0.206	0.195	0.196	0.202	0.195	0.202	0.192	0.086	0.088	0.114	0.183	0.197	0.210	0.201	0.206	0.226	0.199	0.212	0.203	0.086	0.089	0.154	0.188	0.199	0.196	0.198	0.269	0.201	0.198	0.195	0.200	0.088	0.114	0.177	0.185	0.216	0.214	0.265	0.267	0.226	0.220	0.217	0.216	0.096	0.119	0.171	0.212	0.216	0.223	0.227	0.249	0.222	0.214	0.215	0.204
3:50:07	0.086	0.083	0.138	0.185	0.192	0.205	0.199	0.211	0.203	0.210	0.179	0.190	0.089	0.085	0.145	0.182	0.202	0.199	0.207	0.217	0.201	0.204	0.211	0.209	0.086	0.085	0.144	0.179	0.182	0.201	0.199	0.205	0.204	0.198	0.204	0.202	0.086	0.095	0.148	0.190	0.211	0.212	0.200	0.201	0.207	0.200	0.207	0.197	0.087	0.089	0.117	0.189	0.202	0.215	0.206	0.211	0.232	0.204	0.219	0.208	0.087	0.089	0.159	0.194	0.205	0.202	0.205	0.275	0.205	0.203	0.201	0.204	0.089	0.117	0.181	0.190	0.222	0.219	0.271	0.273	0.231	0.226	0.223	0.221	0.097	0.122	0.176	0.218	0.222	0.228	0.232	0.255	0.227	0.220	0.220	0.210
4:00:07	0.087	0.083	0.141	0.189	0.197	0.209	0.204	0.217	0.208	0.216	0.184	0.194	0.090	0.086	0.149	0.186	0.207	0.203	0.213	0.222	0.206	0.209	0.216	0.213	0.087	0.086	0.148	0.184	0.187	0.206	0.203	0.210	0.209	0.203	0.209	0.208	0.087	0.097	0.152	0.196	0.217	0.218	0.205	0.207	0.213	0.205	0.213	0.203	0.088	0.090	0.120	0.193	0.208	0.221	0.211	0.217	0.238	0.210	0.224	0.214	0.088	0.091	0.164	0.199	0.212	0.207	0.210	0.281	0.211	0.210	0.206	0.210	0.090	0.120	0.186	0.196	0.227	0.225	0.278	0.280	0.238	0.232	0.229	0.226	0.098	0.126	0.181	0.224	0.228	0.233	0.237	0.261	0.233	0.226	0.225	0.215
4:10:07	0.088	0.084	0.144	0.193	0.202	0.214	0.209	0.223	0.213	0.221	0.189	0.198	0.092	0.087	0.153	0.191	0.213	0.207	0.219	0.228	0.212	0.214	0.221	0.218	0.090	0.087	0.153	0.189	0.193	0.212	0.209	0.216	0.215	0.209	0.214	0.214	0.089	0.100	0.157	0.202	0.222	0.224	0.210	0.212	0.220	0.211	0.218	0.209	0.090	0.093	0.124	0.199	0.214	0.227	0.218	0.223	0.244	0.216	0.231	0.222	0.090	0.093	0.170	0.206	0.219	0.214	0.217	0.287	0.217	0.215	0.212	0.216	0.093	0.124	0.192	0.202	0.234	0.232	0.286	0.286	0.246	0.239	0.235	0.231	0.101	0.131	0.187	0.230	0.235	0.239	0.243	0.268	0.239	0.232	0.232	0.222
4:20:07	0.089	0.085	0.147	0.197	0.207	0.219	0.213	0.228	0.216	0.225	0.193	0.203	0.094	0.088	0.158	0.196	0.218	0.212	0.225	0.232	0.217	0.218	0.226	0.223	0.093	0.089	0.157	0.194	0.199	0.218	0.214	0.222	0.219	0.216	0.218	0.220	0.091	0.103	0.162	0.207	0.229	0.231	0.216	0.218	0.225	0.217	0.224	0.216	0.092	0.095	0.129	0.204	0.220	0.234	0.225	0.230	0.250	0.223	0.238	0.228	0.094	0.095	0.176	0.211	0.227	0.221	0.223	0.294	0.224	0.222	0.218	0.221	0.096	0.128	0.198	0.207	0.240	0.238	0.293	0.294	0.254	0.246	0.243	0.237	0.100	0.136	0.192	0.238	0.241	0.246	0.250	0.274	0.246	0.239	0.238	0.228
4:30:07	0.091	0.086	0.150	0.201	0.213	0.224	0.218	0.234	0.222	0.231	0.199	0.207	0.097	0.090	0.163	0.201	0.224	0.217	0.230	0.238	0.223	0.224	0.233	0.229	0.097	0.092	0.163	0.200	0.205	0.224	0.219	0.228	0.225	0.223	0.223	0.227	0.094	0.108	0.168	0.213	0.236	0.238	0.221	0.224	0.233	0.223	0.231	0.222	0.096	0.099	0.135	0.211	0.228	0.242	0.232	0.238	0.257	0.229	0.247	0.236	0.098	0.099	0.183	0.219	0.237	0.229	0.230	0.300	0.231	0.230	0.225	0.227	0.100	0.134	0.205	0.215	0.247	0.245	0.302	0.302	0.264	0.254	0.252	0.245	0.103	0.143	0.199	0.247	0.250	0.253	0.258	0.281	0.255	0.248	0.245	0.237
4:40:07	0.093	0.088	0.154	0.206	0.219	0.230	0.223	0.239	0.227	0.236	0.204	0.212	0.101	0.092	0.169	0.206	0.231	0.222	0.235	0.245	0.229	0.230	0.239	0.233	0.102	0.095	0.170	0.207	0.212	0.231	0.226	0.235	0.232	0.231	0.229	0.235	0.098	0.114	0.175	0.220	0.243	0.246	0.228	0.231	0.239	0.231	0.237	0.231	0.101	0.104	0.141	0.219	0.237	0.252	0.241	0.247	0.264	0.237	0.256	0.246	0.104	0.103	0.192	0.227	0.247	0.237	0.240	0.308	0.239	0.239	0.233	0.233	0.106	0.141	0.213	0.224	0.255	0.253	0.312	0.311	0.277	0.263	0.261	0.253	0.109	0.152	0.207	0.258	0.259	0.261	0.267	0.290	0.264	0.257	0.254	0.246
4:50:07	0.095	0.091	0.159	0.212	0.226	0.235	0.228	0.245	0.233	0.242	0.209	0.218	0.107	0.095	0.176	0.212	0.238	0.229	0.242	0.251	0.236	0.236	0.246	0.240	0.110	0.100	0.178	0.214	0.220	0.240	0.233	0.242	0.239	0.240	0.236	0.245	0.104	0.123	0.185	0.229	0.253	0.256	0.237	0.240	0.249	0.240	0.246	0.241	0.108	0.113	0.151	0.228	0.248	0.264	0.253	0.256	0.273	0.246	0.269	0.258	0.113	0.111	0.203	0.237	0.261	0.247	0.252	0.317	0.249	0.249	0.244	0.242	0.114	0.151	0.223	0.234	0.265	0.263	0.325	0.323	0.292	0.275	0.273	0.264	0.116	0.163	0.217	0.270	0.272	0.273	0.279	0.300	0.276	0.268	0.265	0.258
5:00:07	0.099	0.094	0.164	0.218	0.235	0.242	0.234	0.252	0.239	0.249	0.215	0.225	0.113	0.099	0.185	0.220	0.247	0.236	0.250	0.259	0.244	0.243	0.255	0.249	0.119	0.107	0.188	0.223	0.231	0.251	0.242	0.252	0.248	0.251	0.244	0.256	0.111	0.133	0.196	0.240	0.265	0.268	0.248	0.251	0.260	0.252	0.255	0.253	0.117	0.123	0.162	0.238	0.261	0.280	0.268	0.269	0.285	0.257	0.284	0.272	0.124	0.120	0.216	0.249	0.278	0.258	0.265	0.328	0.260	0.263	0.255	0.252	0.125	0.163	0.234	0.247	0.276	0.275	0.338	0.336	0.310	0.287	0.288	0.276	0.126	0.177	0.230	0.284	0.288	0.285	0.293	0.313	0.289	0.281	0.277	0.271
5:10:07	0.104	0.099	0.170	0.226	0.245	0.248	0.240	0.259	0.247	0.257	0.222	0.232	0.122	0.104	0.195	0.229	0.256	0.245	0.259	0.268	0.253	0.252	0.264	0.256	0.130	0.116	0.200	0.233	0.244	0.264	0.253	0.264	0.259	0.265	0.253	0.270	0.122	0.148	0.210	0.253	0.278	0.283	0.262	0.264	0.273	0.265	0.267	0.266	0.128	0.136	0.175	0.252	0.276	0.297	0.284	0.284	0.299	0.269	0.299	0.287	0.135	0.131	0.231	0.264	0.294	0.272	0.281	0.343	0.273	0.277	0.269	0.262	0.136	0.177	0.249	0.262	0.291	0.288	0.354	0.350	0.331	0.304	0.305	0.292	0.138	0.194	0.241	0.302	0.301	0.298	0.307	0.327	0.302	0.296	0.292	0.287
5:20:07	0.110	0.106	0.178	0.235	0.257	0.257	0.248	0.267	0.255	0.266	0.229	0.240	0.134	0.111	0.207	0.240	0.268	0.256	0.271	0.280	0.263	0.261	0.275	0.267	0.144	0.127	0.215	0.246	0.259	0.277	0.265	0.276	0.272	0.280	0.264	0.284	0.133	0.165	0.225	0.266	0.290	0.297	0.274	0.277	0.287	0.281	0.281	0.280	0.141	0.152	0.191	0.268	0.291	0.316	0.302	0.299	0.312	0.284	0.317	0.305	0.150	0.144	0.248	0.279	0.314	0.285	0.298	0.355	0.288	0.292	0.287	0.277	0.151	0.194	0.264	0.279	0.304	0.302	0.373	0.369	0.356	0.322	0.326	0.307	0.151	0.214	0.257	0.323	0.319	0.312	0.324	0.344	0.319	0.313	0.309	0.305
5:30:07	0.118	0.114	0.187	0.249	0.270	0.266	0.257	0.277	0.263	0.275	0.236	0.250	0.149	0.120	0.222	0.253	0.283	0.268	0.284	0.292	0.276	0.272	0.289	0.279	0.163	0.138	0.230	0.258	0.273	0.294	0.279	0.291	0.286	0.297	0.277	0.301	0.147	0.183	0.243	0.283	0.307	0.315	0.289	0.293	0.305	0.301	0.295	0.296	0.157	0.172	0.208	0.283	0.310	0.339	0.325	0.319	0.329	0.301	0.342	0.326	0.168	0.162	0.269	0.299	0.337	0.302	0.318	0.374	0.308	0.311	0.310	0.293	0.168	0.215	0.281	0.299	0.322	0.321	0.395	0.391	0.386	0.343	0.350	0.324	0.167	0.239	0.275	0.345	0.342	0.329	0.345	0.362	0.340	0.334	0.329	0.326
5:40:07	0.129	0.124	0.198	0.265	0.286	0.279	0.268	0.290	0.275	0.286	0.247	0.262	0.168	0.131	0.240	0.267	0.297	0.282	0.298	0.307	0.291	0.286	0.304	0.295	0.185	0.153	0.249	0.274	0.293	0.313	0.295	0.309	0.304	0.321	0.291	0.321	0.163	0.209	0.266	0.303	0.325	0.338	0.308	0.312	0.327	0.323	0.316	0.321	0.178	0.197	0.234	0.305	0.334	0.369	0.353	0.344	0.350	0.323	0.373	0.352	0.190	0.184	0.298	0.326	0.367	0.321	0.346	0.393	0.330	0.335	0.338	0.311	0.190	0.242	0.303	0.327	0.342	0.344	0.421	0.419	0.419	0.370	0.373	0.345	0.189	0.268	0.300	0.376	0.369	0.350	0.374	0.389	0.365	0.362	0.353	0.354
5:50:07	0.141	0.138	0.212	0.275	0.302	0.291	0.280	0.304	0.288	0.300	0.259	0.276	0.190	0.144	0.263	0.286	0.315	0.299	0.315	0.323	0.310	0.303	0.325	0.313	0.212	0.174	0.272	0.292	0.317	0.336	0.316	0.328	0.325	0.349	0.309	0.347	0.183	0.238	0.294	0.329	0.347	0.363	0.330	0.336	0.351	0.350	0.340	0.349	0.203	0.229	0.262	0.329	0.361	0.401	0.381	0.371	0.374	0.350	0.402	0.386	0.217	0.209	0.328	0.350	0.399	0.344	0.376	0.418	0.354	0.361	0.369	0.334	0.213	0.275	0.331	0.360	0.366	0.370	0.451	0.444	0.459	0.401	0.405	0.372	0.214	0.302	0.330	0.410	0.400	0.374	0.406	0.422	0.396	0.394	0.385	0.386
6:00:07	0.157	0.154	0.226	0.288	0.322	0.306	0.295	0.320	0.304	0.316	0.272	0.291	0.216	0.161	0.288	0.305	0.336	0.319	0.338	0.343	0.329	0.320	0.348	0.333	0.245	0.199	0.298	0.315	0.344	0.361	0.337	0.353	0.350	0.377	0.333	0.380	0.205	0.270	0.324	0.357	0.370	0.390	0.355	0.363	0.379	0.378	0.366	0.378	0.232	0.261	0.291	0.357	0.392	0.442	0.414	0.399	0.401	0.377	0.443	0.419	0.247	0.237	0.353	0.381	0.435	0.373	0.409	0.445	0.388	0.391	0.402	0.359	0.243	0.303	0.360	0.393	0.394	0.398	0.479	0.472	0.500	0.433	0.439	0.398	0.240	0.334	0.359	0.440	0.432	0.397	0.437	0.451	0.421	0.421	0.411	0.416
6:10:07	0.175	0.171	0.246	0.306	0.348	0.323	0.312	0.339	0.324	0.333	0.288	0.310	0.248	0.184	0.317	0.329	0.359	0.342	0.362	0.363	0.356	0.341	0.376	0.357	0.279	0.230	0.327	0.338	0.374	0.388	0.360	0.378	0.377	0.413	0.363	0.417	0.241	0.304	0.356	0.387	0.394	0.420	0.378	0.392	0.412	0.422	0.399	0.412	0.263	0.293	0.319	0.387	0.424	0.478	0.446	0.431	0.426	0.409	0.495	0.453	0.273	0.267	0.393	0.413	0.470	0.403	0.444	0.473	0.413	0.421	0.439	0.389	0.267	0.341	0.393	0.425	0.422	0.431	0.512	0.504	0.546	0.469	0.475	0.427	0.274	0.376	0.401	0.478	0.465	0.424	0.470	0.480	0.456	0.453	0.444	0.456
6:20:07	0.201	0.194	0.269	0.328	0.379	0.345	0.334	0.362	0.345	0.354	0.306	0.335	0.279	0.207	0.349	0.352	0.391	0.370	0.392	0.387	0.382	0.367	0.403	0.382	0.310	0.266	0.347	0.357	0.406	0.422	0.393	0.411	0.408	0.447	0.387	0.438	0.254	0.340	0.386	0.411	0.420	0.451	0.405	0.414	0.439	0.449	0.427	0.437	0.277	0.328	0.344	0.420	0.452	0.512	0.478	0.465	0.459	0.432	0.515	0.487	0.308	0.296	0.418	0.445	0.498	0.428	0.480	0.502	0.432	0.443	0.466	0.417	0.293	0.367	0.420	0.456	0.453	0.453	0.539	0.525	0.584	0.501	0.517	0.452	0.301	0.408	0.428	0.511	0.496	0.447	0.499	0.514	0.488	0.487	0.480	0.488
6:30:07	0.227	0.222	0.297	0.351	0.413	0.373	0.353	0.391	0.374	0.381	0.333	0.366	0.324	0.235	0.390	0.384	0.418	0.399	0.418	0.416	0.411	0.398	0.439	0.415	0.340	0.289	0.374	0.381	0.433	0.442	0.411	0.435	0.430	0.480	0.414	0.462	0.285	0.374	0.424	0.444	0.441	0.484	0.438	0.445	0.468	0.486	0.459	0.471	0.307	0.368	0.377	0.449	0.486	0.550	0.509	0.494	0.486	0.461	0.553	0.525	0.338	0.325	0.450	0.476	0.536	0.460	0.511	0.525	0.458	0.471	0.503	0.455	0.322	0.402	0.455	0.501	0.483	0.484	0.574	0.559	0.618	0.536	0.565	0.483	0.328	0.436	0.456	0.559	0.532	0.480	0.528	0.547	0.518	0.521	0.517	0.528
6:40:07	0.256	0.255	0.327	0.380	0.451	0.406	0.388	0.426	0.407	0.411	0.359	0.396	0.358	0.261	0.429	0.417	0.443	0.428	0.445	0.443	0.437	0.428	0.465	0.438	0.370	0.326	0.401	0.406	0.466	0.476	0.440	0.465	0.468	0.525	0.443	0.509	0.316	0.410	0.457	0.472	0.465	0.511	0.467	0.477	0.499	0.521	0.490	0.504	0.346	0.418	0.404	0.475	0.516	0.590	0.544	0.528	0.519	0.486	0.588	0.560	0.374	0.351	0.476	0.511	0.570	0.490	0.546	0.555	0.499	0.500	0.534	0.484	0.355	0.437	0.482	0.531	0.514	0.514	0.604	0.579	0.650	0.574	0.616	0.510	0.371	0.475	0.488	0.610	0.566	0.514	0.557	0.575	0.549	0.546	0.546	0.565
6:50:07	0.283	0.287	0.353	0.402	0.483	0.436	0.412	0.458	0.437	0.443	0.392	0.428	0.394	0.290	0.471	0.450	0.476	0.454	0.474	0.474	0.476	0.449	0.493	0.460	0.400	0.356	0.425	0.428	0.495	0.504	0.467	0.497	0.495	0.567	0.473	0.532	0.341	0.448	0.490	0.498	0.487	0.537	0.488	0.501	0.526	0.550	0.522	0.534	0.373	0.450	0.431	0.499	0.542	0.620	0.573	0.559	0.549	0.520	0.616	0.599	0.403	0.380	0.513	0.545	0.598	0.523	0.582	0.587	0.520	0.529	0.564	0.521	0.385	0.483	0.516	0.567	0.544	0.539	0.632	0.607	0.689	0.609	0.662	0.530	0.416	0.502	0.514	0.656	0.596	0.548	0.580	0.605	0.581	0.580	0.588	0.607
7:00:07	0.313	0.314	0.386	0.427	0.522	0.464	0.442	0.494	0.477	0.475	0.421	0.461	0.433	0.322	0.506	0.486	0.502	0.485	0.503	0.506	0.510	0.477	0.522	0.482	0.423	0.387	0.450	0.448	0.523	0.528	0.491	0.521	0.528	0.609	0.498	0.576	0.367	0.483	0.525	0.521	0.511	0.560	0.514	0.528	0.549	0.581	0.546	0.571	0.394	0.476	0.462	0.522	0.571	0.651	0.606	0.593	0.566	0.556	0.648	0.637	0.446	0.403	0.544	0.577	0.629	0.554	0.618	0.617	0.537	0.552	0.594	0.550	0.421	0.525	0.541	0.607	0.570	0.564	0.657	0.631	0.735	0.637	0.705	0.547	0.452	0.535	0.543	0.689	0.632	0.586	0.607	0.633	0.617	0.609	0.626	0.646
7:10:07	0.341	0.347	0.422	0.456	0.559	0.496	0.474	0.527	0.501	0.508	0.448	0.496	0.469	0.350	0.543	0.522	0.526	0.507	0.533	0.531	0.535	0.506	0.551	0.506	0.456	0.409	0.476	0.471	0.554	0.553	0.512	0.540	0.557	0.648	0.521	0.615	0.387	0.523	0.556	0.548	0.536	0.585	0.540	0.552	0.577	0.619	0.572	0.602	0.412	0.498	0.490	0.550	0.598	0.676	0.633	0.638	0.586	0.580	0.691	0.678	0.482	0.433	0.564	0.605	0.659	0.573	0.658	0.641	0.549	0.575	0.621	0.592	0.448	0.568	0.571	0.637	0.597	0.588	0.685	0.657	0.764	0.669	0.738	0.567	0.488	0.557	0.569	0.724	0.666	0.606	0.632	0.663	0.645	0.638	0.665	0.683
7:20:07	0.376	0.376	0.454	0.484	0.607	0.528	0.500	0.555	0.544	0.542	0.479	0.528	0.500	0.381	0.583	0.559	0.551	0.536	0.558	0.558	0.560	0.536	0.581	0.527	0.480	0.439	0.503	0.500	0.589	0.581	0.538	0.567	0.582	0.691	0.548	0.661	0.401	0.553	0.592	0.574	0.562	0.614	0.574	0.571	0.615	0.654	0.601	0.633	0.437	0.515	0.517	0.576	0.627	0.700	0.666	0.688	0.608	0.608	0.732	0.713	0.518	0.457	0.590	0.631	0.691	0.613	0.687	0.667	0.571	0.602	0.650	0.620	0.474	0.600	0.606	0.662	0.625	0.613	0.715	0.691	0.788	0.695	0.778	0.592	0.524	0.583	0.591	0.760	0.703	0.628	0.660	0.689	0.666	0.660	0.707	0.725
7:30:07	0.407	0.405	0.500	0.507	0.645	0.562	0.533	0.585	0.579	0.571	0.511	0.561	0.534	0.423	0.620	0.596	0.577	0.561	0.585	0.590	0.593	0.568	0.612	0.557	0.505	0.461	0.538	0.539	0.621	0.621	0.566	0.590	0.614	0.727	0.569	0.706	0.427	0.586	0.628	0.607	0.589	0.648	0.615	0.602	0.647	0.684	0.624	0.660	0.483	0.541	0.543	0.607	0.654	0.734	0.697	0.729	0.635	0.638	0.777	0.746	0.562	0.478	0.614	0.663	0.722	0.649	0.714	0.709	0.595	0.633	0.684	0.641	0.503	0.639	0.648	0.694	0.657	0.643	0.750	0.721	0.827	0.727	0.814	0.618	0.563	0.610	0.617	0.812	0.738	0.665	0.685	0.724	0.692	0.688	0.743	0.763
7:40:07	0.435	0.431	0.550	0.536	0.699	0.603	0.564	0.614	0.620	0.601	0.546	0.598	0.569	0.445	0.653	0.634	0.606	0.596	0.618	0.617	0.628	0.586	0.641	0.591	0.536	0.484	0.582	0.580	0.661	0.683	0.593	0.623	0.649	0.762	0.599	0.749	0.457	0.615	0.678	0.639	0.615	0.677	0.651	0.645	0.689	0.715	0.658	0.691	0.542	0.568	0.583	0.638	0.682	0.763	0.728	0.765	0.661	0.672	0.815	0.772	0.596	0.509	0.641	0.698	0.752	0.707	0.743	0.739	0.621	0.663	0.718	0.674	0.526	0.669	0.692	0.718	0.686	0.673	0.780	0.748	0.854	0.761	0.836	0.644	0.598	0.643	0.648	0.848	0.766	0.706	0.715	0.753	0.716	0.717	0.776	0.784
7:50:07	0.461	0.471	0.590	0.565	0.740	0.648	0.596	0.640	0.656	0.630	0.576	0.628	0.593	0.479	0.688	0.664	0.644	0.625	0.652	0.648	0.669	0.608	0.673	0.627	0.570	0.515	0.620	0.627	0.696	0.705	0.631	0.659	0.690	0.801	0.634	0.779	0.489	0.645	0.711	0.670	0.644	0.708	0.684	0.680	0.726	0.755	0.699	0.723	0.601	0.600	0.623	0.664	0.705	0.784	0.761	0.813	0.691	0.713	0.849	0.804	0.626	0.534	0.668	0.731	0.777	0.765	0.769	0.768	0.656	0.686	0.745	0.708	0.541	0.695	0.726	0.737	0.711	0.698	0.803	0.774	0.867	0.790	0.840	0.666	0.615	0.668	0.673	0.855	0.782	0.745	0.735	0.764	0.741	0.735	0.810	0.808
8:00:07	0.491	0.500	0.620	0.597	0.777	0.674	0.624	0.668	0.690	0.658	0.607	0.656	0.623	0.506	0.719	0.693	0.684	0.667	0.694	0.683	0.712	0.632	0.711	0.659	0.592	0.547	0.661	0.676	0.733	0.707	0.658	0.693	0.722	0.833	0.666	0.800	0.514	0.666	0.719	0.694	0.670	0.733	0.713	0.720	0.758	0.781	0.728	0.752	0.644	0.616	0.669	0.686	0.725	0.795	0.780	0.850	0.723	0.720	0.867	0.805	0.632	0.558	0.699	0.750	0.795	0.813	0.791	0.786	0.695	0.695	0.760	0.747	0.561	0.709	0.750	0.749	0.734	0.719	0.818	0.786	0.869	0.812	0.834	0.674	0.634	0.686	0.694	0.853	0.792	0.754	0.748	0.783	0.762	0.747	0.831	0.824
8:10:07	0.515	0.533	0.650	0.631	0.802	0.705	0.652	0.696	0.725	0.681	0.642	0.678	0.645	0.530	0.754	0.726	0.720	0.704	0.736	0.711	0.758	0.663	0.744	0.684	0.602	0.568	0.689	0.713	0.759	0.709	0.690	0.722	0.750	0.853	0.698	0.777	0.535	0.680	0.693	0.714	0.700	0.737	0.711	0.732	0.773	0.781	0.752	0.775	0.634	0.621	0.693	0.702	0.714	0.809	0.789	0.840	0.759	0.715	0.871	0.759	0.584	0.575	0.693	0.760	0.804	0.801	0.800	0.808	0.705	0.697	0.777	0.772	0.571	0.720	0.730	0.754	0.764	0.731	0.822	0.788	0.832	0.805	0.802	0.668	0.641	0.689	0.711	0.854	0.791	0.761	0.758	0.792	0.770	0.756	0.838	0.831
8:20:07	0.528	0.551	0.659	0.660	0.822	0.731	0.689	0.721	0.748	0.707	0.664	0.699	0.652	0.546	0.765	0.744	0.743	0.729	0.764	0.720	0.799	0.711	0.764	0.698	0.599	0.573	0.706	0.694	0.772	0.693	0.718	0.747	0.740	0.821	0.734	0.739	0.538	0.681	0.668	0.732	0.708	0.727	0.688	0.723	0.758	0.761	0.757	0.763	0.591	0.588	0.710	0.712	0.699	0.813	0.795	0.805	0.779	0.702	0.855	0.724	0.549	0.595	0.672	0.770	0.804	0.745	0.806	0.814	0.697	0.693	0.766	0.773	0.582	0.729	0.694	0.739	0.733	0.745	0.819	0.771	0.782	0.789	0.775	0.662	0.636	0.685	0.725	0.853	0.780	0.758	0.764	0.797	0.775	0.770	0.845	0.827
8:30:07	0.537	0.559	0.658	0.679	0.820	0.747	0.705	0.740	0.765	0.724	0.681	0.717	0.653	0.557	0.762	0.731	0.756	0.710	0.723	0.729	0.819	0.748	0.775	0.708	0.559	0.542	0.702	0.670	0.779	0.680	0.704	0.778	0.715	0.792	0.742	0.701	0.520	0.683	0.642	0.711	0.699	0.718	0.669	0.710	0.738	0.742	0.739	0.733	0.556	0.548	0.707	0.722	0.685	0.819	0.783	0.783	0.762	0.688	0.833	0.705	0.525	0.619	0.654	0.735	0.745	0.709	0.802	0.797	0.685	0.688	0.750	0.741	0.589	0.727	0.677	0.700	0.703	0.750	0.811	0.752	0.747	0.785	0.754	0.662	0.656	0.660	0.718	0.850	0.759	0.755	0.771	0.800	0.778	0.766	0.856	0.833
8:40:07	0.548	0.569	0.666	0.703	0.832	0.757	0.717	0.751	0.783	0.734	0.682	0.721	0.647	0.565	0.760	0.733	0.763	0.673	0.711	0.738	0.845	0.769	0.793	0.703	0.522	0.517	0.664	0.650	0.764	0.669	0.694	0.774	0.697	0.771	0.726	0.678	0.501	0.682	0.620	0.692	0.685	0.709	0.656	0.702	0.720	0.726	0.721	0.709	0.530	0.515	0.679	0.718	0.673	0.827	0.751	0.770	0.744	0.677	0.812	0.695	0.507	0.606	0.640	0.725	0.709	0.684	0.768	0.765	0.677	0.681	0.742	0.713	0.598	0.709	0.663	0.672	0.677	0.751	0.768	0.735	0.719	0.776	0.737	0.663	0.662	0.647	0.699	0.811	0.733	0.749	0.775	0.803	0.786	0.766	0.864	0.818
8:50:07	0.551	0.579	0.674	0.716	0.840	0.769	0.733	0.762	0.798	0.739	0.687	0.725	0.644	0.568	0.685	0.618	0.770	0.649	0.696	0.749	0.832	0.775	0.776	0.664	0.492	0.497	0.634	0.639	0.728	0.660	0.684	0.753	0.686	0.761	0.705	0.664	0.486	0.670	0.606	0.673	0.672	0.703	0.648	0.694	0.706	0.715	0.702	0.686	0.515	0.492	0.640	0.704	0.667	0.831	0.727	0.762	0.727	0.669	0.797	0.692	0.497	0.580	0.629	0.708	0.686	0.670	0.732	0.736	0.670	0.679	0.738	0.695	0.605	0.682	0.654	0.654	0.662	0.735	0.746	0.722	0.701	0.770	0.728	0.667	0.663	0.631	0.680	0.783	0.713	0.746	0.780	0.805	0.785	0.760	0.876	0.825
9:00:07	0.554	0.593	0.682	0.718	0.845	0.770	0.745	0.768	0.810	0.735	0.694	0.729	0.634	0.576	0.645	0.628	0.774	0.632	0.686	0.743	0.797	0.758	0.741	0.636	0.469	0.478	0.608	0.632	0.703	0.654	0.677	0.732	0.679	0.758	0.684	0.655	0.471	0.618	0.596	0.660	0.663	0.698	0.641	0.691	0.699	0.705	0.682	0.672	0.507	0.475	0.611	0.689	0.664	0.838	0.711	0.760	0.714	0.663	0.787	0.693	0.490	0.556	0.622	0.695	0.672	0.659	0.707	0.718	0.666	0.677	0.738	0.687	0.609	0.653	0.648	0.644	0.651	0.719	0.730	0.711	0.690	0.762	0.723	0.671	0.661	0.620	0.667	0.764	0.700	0.739	0.780	0.811	0.773	0.755	0.881	0.831
9:10:07	0.560	0.603	0.685	0.700	0.852	0.774	0.758	0.763	0.822	0.716	0.702	0.733	0.565	0.588	0.614	0.639	0.772	0.622	0.677	0.733	0.759	0.720	0.707	0.619	0.451	0.465	0.590	0.630	0.685	0.650	0.672	0.714	0.674	0.754	0.669	0.651	0.461	0.582	0.589	0.649	0.656	0.695	0.637	0.691	0.692	0.699	0.667	0.664	0.502	0.465	0.592	0.678	0.662	0.835	0.701	0.761	0.706	0.660	0.778	0.697	0.487	0.537	0.617	0.683	0.665	0.655	0.691	0.707	0.666	0.677	0.743	0.684	0.608	0.629	0.643	0.638	0.647	0.707	0.716	0.704	0.682	0.756	0.720	0.678	0.656	0.612	0.659	0.750	0.684	0.734	0.781	0.815	0.759	0.741	0.892	0.842
9:20:07	0.566	0.605	0.686	0.663	0.863	0.766	0.775	0.740	0.826	0.699	0.707	0.739	0.530	0.556	0.595	0.648	0.731	0.616	0.672	0.724	0.730	0.696	0.684	0.607	0.439	0.454	0.577	0.629	0.673	0.647	0.668	0.700	0.672	0.751	0.660	0.655	0.454	0.553	0.584	0.642	0.652	0.685	0.633	0.691	0.690	0.695	0.657	0.661	0.501	0.459	0.579	0.672	0.661	0.849	0.694	0.764	0.699	0.660	0.773	0.707	0.488	0.522	0.614	0.675	0.661	0.652	0.682	0.699	0.666	0.677	0.749	0.685	0.604	0.611	0.642	0.636	0.645	0.698	0.705	0.697	0.678	0.753	0.721	0.685	0.645	0.606	0.653	0.745	0.679	0.747	0.774	0.815	0.750	0.733	0.902	0.849
9:30:07	0.571	0.604	0.694	0.644	0.862	0.755	0.779	0.721	0.830	0.670	0.710	0.731	0.502	0.527	0.583	0.630	0.719	0.612	0.669	0.716	0.706	0.676	0.667	0.601	0.429	0.447	0.568	0.630	0.664	0.645	0.668	0.690	0.673	0.751	0.654	0.659	0.449	0.533	0.580	0.638	0.649	0.684	0.632	0.692	0.688	0.692	0.651	0.659	0.501	0.456	0.572	0.668	0.660	0.835	0.687	0.767	0.696	0.660	0.770	0.716	0.490	0.511	0.613	0.671	0.660	0.650	0.676	0.694	0.668	0.678	0.755	0.691	0.639	0.598	0.642	0.636	0.644	0.693	0.696	0.692	0.677	0.750	0.723	0.693	0.631	0.606	0.650	0.742	0.675	0.733	0.762	0.818	0.745	0.729	0.910	0.853
9:40:07	0.574	0.591	0.685	0.629	0.855	0.721	0.733	0.707	0.826	0.643	0.714	0.709	0.479	0.504	0.576	0.623	0.710	0.611	0.666	0.711	0.689	0.656	0.655	0.597	0.422	0.441	0.561	0.631	0.658	0.644	0.667	0.683	0.674	0.749	0.649	0.665	0.445	0.517	0.579	0.637	0.647	0.683	0.634	0.694	0.689	0.692	0.646	0.660	0.504	0.456	0.570	0.666	0.660	0.828	0.684	0.766	0.692	0.662	0.769	0.727	0.494	0.504	0.613	0.667	0.660	0.651	0.675	0.691	0.671	0.679	0.763	0.701	0.635	0.590	0.643	0.637	0.643	0.690	0.691	0.690	0.680	0.750	0.724	0.703	0.615	0.606	0.648	0.742	0.671	0.735	0.755	0.821	0.751	0.728	0.911	0.862
9:50:07	0.570	0.586	0.644	0.621	0.863	0.688	0.690	0.697	0.818	0.629	0.722	0.693	0.460	0.489	0.572	0.622	0.707	0.611	0.661	0.708	0.675	0.644	0.648	0.595	0.418	0.438	0.558	0.634	0.654	0.646	0.667	0.678	0.677	0.748	0.645	0.670	0.444	0.506	0.578	0.635	0.647	0.685	0.635	0.695	0.691	0.691	0.643	0.661	0.506	0.456	0.569	0.666	0.660	0.814	0.682	0.763	0.692	0.665	0.767	0.740	0.498	0.498	0.614	0.665	0.662	0.653	0.676	0.690	0.674	0.681	0.773	0.716	0.616	0.585	0.643	0.638	0.646	0.689	0.688	0.689	0.683	0.751	0.729	0.713	0.606	0.609	0.647	0.744	0.672	0.739	0.749	0.821	0.747	0.729	0.915	0.873
10:00:07	0.554	0.573	0.620	0.614	0.861	0.657	0.667	0.690	0.807	0.618	0.723	0.681	0.447	0.477	0.569	0.634	0.705	0.611	0.656	0.703	0.665	0.636	0.643	0.595	0.414	0.435	0.556	0.637	0.652	0.646	0.668	0.673	0.678	0.749	0.641	0.678	0.443	0.497	0.578	0.635	0.649	0.684	0.637	0.695	0.693	0.692	0.645	0.664	0.506	0.458	0.571	0.665	0.665	0.793	0.682	0.758	0.692	0.668	0.766	0.754	0.503	0.494	0.616	0.665	0.663	0.653	0.678	0.691	0.679	0.681	0.782	0.732	0.612	0.580	0.645	0.640	0.649	0.689	0.684	0.688	0.687	0.752	0.734	0.724	0.597	0.609	0.646	0.745	0.673	0.742	0.743	0.819	0.745	0.730	0.913	0.880
10:10:07	0.529	0.564	0.606	0.612	0.862	0.634	0.656	0.686	0.794	0.611	0.727	0.673	0.438	0.469	0.569	0.640	0.703	0.611	0.651	0.703	0.657	0.631	0.640	0.596	0.411	0.434	0.556	0.640	0.650	0.646	0.669	0.668	0.682	0.748	0.639	0.683	0.443	0.491	0.578	0.635	0.650	0.684	0.640	0.698	0.694	0.694	0.650	0.670	0.505	0.459	0.573	0.666	0.667	0.778	0.682	0.756	0.690	0.673	0.768	0.767	0.507	0.492	0.618	0.666	0.665	0.655	0.681	0.689	0.681	0.683	0.793	0.746	0.594	0.578	0.648	0.642	0.649	0.690	0.680	0.690	0.690	0.754	0.741	0.736	0.586	0.613	0.647	0.746	0.674	0.747	0.741	0.815	0.749	0.729	0.910	0.888
10:20:07	0.510	0.524	0.594	0.610	0.858	0.617	0.650	0.683	0.764	0.605	0.733	0.664	0.431	0.462	0.568	0.649	0.701	0.612	0.648	0.703	0.651	0.627	0.637	0.601	0.410	0.432	0.557	0.643	0.649	0.649	0.670	0.666	0.686	0.750	0.640	0.689	0.444	0.486	0.578	0.636	0.653	0.683	0.643	0.700	0.698	0.695	0.654	0.675	0.505	0.460	0.575	0.667	0.671	0.770	0.683	0.753	0.691	0.678	0.770	0.782	0.509	0.490	0.620	0.667	0.667	0.658	0.685	0.692	0.686	0.686	0.804	0.760	0.573	0.577	0.651	0.646	0.652	0.691	0.680	0.692	0.690	0.752	0.748	0.749	0.580	0.615	0.648	0.748	0.677	0.747	0.741	0.808	0.752	0.730	0.907	0.894
10:30:07	0.494	0.512	0.587	0.609	0.808	0.605	0.647	0.681	0.727	0.602	0.744	0.663	0.426	0.458	0.568	0.654	0.701	0.614	0.646	0.703	0.647	0.625	0.638	0.604	0.408	0.432	0.558	0.646	0.650	0.650	0.672	0.666	0.690	0.752	0.641	0.695	0.445	0.484	0.578	0.638	0.655	0.684	0.645	0.703	0.701	0.694	0.659	0.681	0.505	0.461	0.577	0.668	0.674	0.763	0.686	0.750	0.692	0.683	0.772	0.794	0.510	0.490	0.624	0.669	0.670	0.660	0.689	0.695	0.690	0.690	0.815	0.774	0.560	0.576	0.654	0.648	0.655	0.693	0.679	0.692	0.690	0.750	0.754	0.762	0.574	0.617	0.648	0.748	0.679	0.751	0.741	0.801	0.753	0.734	0.904	0.901
10:40:07	0.484	0.497	0.586	0.610	0.749	0.597	0.646	0.682	0.700	0.600	0.752	0.661	0.423	0.456	0.568	0.658	0.700	0.617	0.644	0.704	0.645	0.625	0.634	0.609	0.409	0.433	0.560	0.650	0.649	0.650	0.674	0.666	0.693	0.752	0.641	0.699	0.447	0.483	0.579	0.640	0.657	0.686	0.648	0.706	0.704	0.693	0.664	0.685	0.505	0.463	0.578	0.669	0.678	0.752	0.688	0.749	0.694	0.689	0.775	0.806	0.511	0.490	0.625	0.671	0.673	0.662	0.693	0.696	0.693	0.694	0.828	0.791	0.546	0.575	0.658	0.650	0.657	0.694	0.680	0.692	0.691	0.751	0.761	0.776	0.570	0.620	0.650	0.748	0.681	0.755	0.744	0.793	0.753	0.736	0.900	0.904
10:50:07	0.477	0.483	0.586	0.612	0.712	0.592	0.646	0.681	0.680	0.600	0.730	0.661	0.420	0.454	0.568	0.657	0.701	0.618	0.643	0.705	0.644	0.624	0.633	0.613	0.408	0.435	0.562	0.653	0.651	0.654	0.676	0.667	0.696	0.751	0.644	0.704	0.449	0.481	0.581	0.643	0.657	0.685	0.650	0.708	0.703	0.690	0.668	0.691	0.505	0.465	0.579	0.670	0.676	0.749	0.688	0.747	0.696	0.693	0.778	0.818	0.511	0.490	0.628	0.672	0.675	0.664	0.698	0.698	0.695	0.696	0.841	0.804	0.536	0.576	0.662	0.653	0.660	0.694	0.681	0.690	0.692	0.749	0.771	0.792	0.568	0.623	0.651	0.749	0.683	0.759	0.745	0.788	0.755	0.739	0.891	0.908
11:00:07	0.471	0.470	0.587	0.613	0.687	0.589	0.647	0.683	0.669	0.600	0.693	0.664	0.419	0.454	0.568	0.657	0.701	0.621	0.641	0.706	0.643	0.625	0.630	0.619	0.409	0.437	0.564	0.657	0.652	0.657	0.676	0.668	0.700	0.751	0.645	0.707	0.451	0.479	0.581	0.645	0.657	0.684	0.651	0.709	0.704	0.689	0.672	0.697	0.505	0.467	0.579	0.671	0.678	0.743	0.689	0.745	0.698	0.700	0.778	0.828	0.512	0.489	0.629	0.672	0.677	0.666	0.699	0.692	0.698	0.697	0.856	0.822	0.534	0.576	0.666	0.656	0.663	0.695	0.682	0.686	0.692	0.749	0.782	0.808	0.577	0.626	0.653	0.750	0.684	0.763	0.749	0.786	0.757	0.741	0.887	0.909
11:10:07	0.467	0.460	0.589	0.616	0.669	0.589	0.648	0.683	0.654	0.598	0.668	0.668	0.418	0.455	0.569	0.656	0.702	0.624	0.639	0.705	0.641	0.625	0.630	0.623	0.409	0.438	0.566	0.659	0.654	0.660	0.676	0.670	0.700	0.750	0.648	0.712	0.452	0.478	0.583	0.645	0.655	0.685	0.652	0.708	0.704	0.687	0.678	0.703	0.506	0.469	0.581	0.673	0.680	0.742	0.690	0.743	0.697	0.708	0.781	0.838	0.512	0.488	0.630	0.674	0.680	0.669	0.700	0.691	0.701	0.699	0.870	0.836	0.526	0.577	0.671	0.657	0.662	0.696	0.683	0.683	0.693	0.748	0.794	0.823	0.602	0.628	0.655	0.752	0.684	0.768	0.753	0.784	0.759	0.742	0.886	0.913
11:20:07	0.464	0.453	0.592	0.620	0.658	0.588	0.650	0.686	0.646	0.600	0.652	0.671	0.416	0.457	0.569	0.658	0.703	0.627	0.638	0.705	0.642	0.627	0.630	0.628	0.410	0.441	0.567	0.662	0.655	0.662	0.677	0.670	0.701	0.747	0.652	0.719	0.451	0.475	0.584	0.645	0.655	0.686	0.652	0.709	0.704	0.687	0.686	0.712	0.507	0.471	0.581	0.674	0.678	0.739	0.691	0.743	0.697	0.716	0.780	0.845	0.512	0.487	0.631	0.674	0.683	0.669	0.701	0.690	0.705	0.704	0.883	0.852	0.515	0.578	0.675	0.658	0.660	0.697	0.685	0.682	0.694	0.747	0.808	0.840	0.633	0.630	0.657	0.752	0.684	0.769	0.757	0.785	0.761	0.744	0.884	0.914
11:30:07	0.463	0.448	0.594	0.622	0.648	0.589	0.652	0.686	0.639	0.601	0.641	0.676	0.414	0.458	0.571	0.656	0.703	0.630	0.636	0.705	0.643	0.628	0.627	0.632	0.410	0.443	0.567	0.663	0.656	0.665	0.679	0.672	0.701	0.746	0.655	0.721	0.451	0.473	0.585	0.646	0.654	0.688	0.654	0.709	0.704	0.688	0.691	0.721	0.507	0.473	0.583	0.675	0.677	0.739	0.693	0.745	0.694	0.723	0.784	0.853	0.512	0.486	0.632	0.675	0.687	0.671	0.701	0.689	0.708	0.710	0.895	0.865	0.504	0.580	0.676	0.658	0.659	0.697	0.686	0.679	0.696	0.748	0.819	0.857	0.661	0.633	0.660	0.753	0.684	0.771	0.759	0.788	0.763	0.749	0.892	0.916
11:40:07	0.460	0.445	0.595	0.624	0.642	0.592	0.655	0.689	0.635	0.600	0.633	0.682	0.412	0.459	0.572	0.655	0.703	0.633	0.636	0.703	0.644	0.631	0.626	0.636	0.411	0.446	0.568	0.664	0.659	0.668	0.681	0.673	0.702	0.743	0.658	0.727	0.450	0.470	0.588	0.645	0.655	0.689	0.654	0.707	0.705	0.688	0.697	0.731	0.508	0.474	0.584	0.676	0.678	0.735	0.695	0.746	0.694	0.732	0.789	0.861	0.512	0.485	0.634	0.674	0.687	0.673	0.702	0.689	0.711	0.715	0.907	0.878	0.495	0.581	0.679	0.658	0.659	0.699	0.688	0.677	0.697	0.748	0.834	0.871	0.680	0.634	0.662	0.753	0.684	0.772	0.761	0.782	0.767	0.753	0.904	0.916
11:50:07	0.460	0.442	0.595	0.625	0.639	0.593	0.657	0.688	0.633	0.600	0.630	0.683	0.411	0.460	0.574	0.657	0.704	0.635	0.636	0.702	0.644	0.631	0.624	0.639	0.412	0.448	0.569	0.666	0.660	0.670	0.681	0.673	0.700	0.740	0.660	0.731	0.450	0.469	0.589	0.645	0.654	0.686	0.655	0.707	0.705	0.687	0.701	0.745	0.508	0.475	0.585	0.677	0.678	0.731	0.695	0.747	0.693	0.747	0.790	0.868	0.513	0.485	0.635	0.673	0.690	0.673	0.702	0.687	0.715	0.722	0.921	0.894	0.489	0.582	0.680	0.658	0.657	0.699	0.688	0.674	0.699	0.744	0.848	0.886	0.693	0.634	0.665	0.752	0.683	0.775	0.761	0.778	0.771	0.759	0.924	0.919
12:00:07	0.459	0.440	0.596	0.625	0.635	0.595	0.659	0.688	0.631	0.602	0.630	0.685	0.410	0.460	0.575	0.657	0.703	0.637	0.635	0.700	0.645	0.634	0.621	0.641	0.412	0.451	0.570	0.665	0.662	0.670	0.683	0.673	0.701	0.738	0.662	0.734	0.451	0.467	0.591	0.646	0.655	0.687	0.655	0.708	0.705	0.689	0.707	0.759	0.509	0.477	0.587	0.678	0.678	0.730	0.696	0.748	0.693	0.762	0.797	0.875	0.513	0.485	0.637	0.673	0.692	0.674	0.703	0.687	0.714	0.729	0.933	0.910	0.482	0.583	0.682	0.658	0.656	0.695	0.688	0.674	0.700	0.745	0.864	0.901	0.697	0.635	0.668	0.753	0.684	0.777	0.762	0.780	0.774	0.769	0.947	0.923
12:10:07	0.460	0.440	0.597	0.626	0.633	0.596	0.661	0.689	0.629	0.603	0.628	0.688	0.409	0.460	0.577	0.658	0.703	0.639	0.636	0.699	0.647	0.632	0.620	0.645	0.412	0.453	0.571	0.663	0.663	0.671	0.684	0.673	0.699	0.735	0.664	0.738	0.450	0.466	0.593	0.645	0.654	0.686	0.657	0.710	0.703	0.690	0.708	0.772	0.510	0.478	0.588	0.676	0.677	0.728	0.698	0.750	0.693	0.782	0.804	0.881	0.514	0.485	0.640	0.671	0.693	0.676	0.704	0.686	0.720	0.735	0.947	0.927	0.478	0.583	0.683	0.658	0.655	0.696	0.690	0.671	0.702	0.745	0.880	0.913	0.699	0.634	0.670	0.754	0.683	0.779	0.764	0.783	0.777	0.780	0.969	0.925
12:20:07	0.460	0.440	0.598	0.625	0.631	0.595	0.664	0.690	0.628	0.606	0.629	0.690	0.409	0.460	0.578	0.659	0.704	0.640	0.636	0.698	0.649	0.632	0.618	0.647	0.414	0.455	0.571	0.663	0.666	0.671	0.685	0.673	0.699	0.733	0.664	0.741	0.451	0.466	0.595	0.644	0.652	0.688	0.657	0.710	0.703	0.693	0.712	0.787	0.509	0.480	0.590	0.676	0.679	0.726	0.700	0.749	0.691	0.802	0.812	0.889	0.514	0.484	0.641	0.670	0.695	0.675	0.706	0.687	0.727	0.745	0.957	0.944	0.474	0.584	0.685	0.659	0.656	0.694	0.690	0.670	0.703	0.745	0.894	0.927	0.698	0.633	0.672	0.755	0.682	0.781	0.767	0.783	0.780	0.793	0.994	0.930
12:30:07	0.462	0.441	0.599	0.625	0.631	0.596	0.667	0.692	0.628	0.606	0.630	0.693	0.409	0.461	0.580	0.658	0.704	0.639	0.636	0.696	0.649	0.632	0.616	0.648	0.414	0.459	0.571	0.663	0.667	0.671	0.686	0.674	0.700	0.734	0.667	0.740	0.451	0.465	0.596	0.644	0.650	0.690	0.658	0.710	0.702	0.697	0.716	0.802	0.511	0.481	0.592	0.677	0.678	0.725	0.703	0.750	0.691	0.824	0.820	0.898	0.514	0.485	0.642	0.669	0.697	0.677	0.707	0.689	0.733	0.755	0.968	0.955	0.471	0.585	0.686	0.659	0.656	0.694	0.688	0.669	0.706	0.748	0.908	0.940	0.693	0.633	0.675	0.756	0.683	0.781	0.770	0.783	0.782	0.802	1.014	0.934
12:40:07	0.464	0.442	0.599	0.626	0.633	0.598	0.670	0.693	0.626	0.609	0.632	0.694	0.409	0.462	0.581	0.659	0.702	0.641	0.636	0.694	0.651	0.631	0.615	0.650	0.415	0.462	0.572	0.663	0.667	0.673	0.686	0.674	0.698	0.732	0.667	0.737	0.453	0.465	0.598	0.645	0.651	0.693	0.660	0.711	0.703	0.700	0.719	0.816	0.512	0.481	0.593	0.676	0.680	0.726	0.704	0.748	0.692	0.845	0.830	0.904	0.514	0.484	0.644	0.668	0.699	0.678	0.708	0.688	0.737	0.765	0.980	0.967	0.469	0.586	0.688	0.660	0.657	0.695	0.689	0.669	0.708	0.751	0.920	0.953	0.687	0.634	0.677	0.757	0.682	0.782	0.771	0.785	0.781	0.812	1.034	0.938
12:50:07	0.466	0.442	0.600	0.626	0.634	0.601	0.671	0.695	0.625	0.611	0.632	0.695	0.409	0.461	0.583	0.660	0.701	0.642	0.635	0.693	0.653	0.630	0.614	0.650	0.416	0.464	0.572	0.663	0.667	0.670	0.687	0.671	0.700	0.732	0.666	0.735	0.453	0.464	0.600	0.645	0.651	0.695	0.661	0.711	0.704	0.705	0.724	0.824	0.513	0.482	0.595	0.676	0.680	0.725	0.705	0.746	0.695	0.863	0.839	0.910	0.515	0.484	0.647	0.668	0.700	0.681	0.709	0.688	0.744	0.773	0.987	0.977	0.467	0.587	0.690	0.660	0.657	0.691	0.690	0.668	0.710	0.751	0.930	0.963	0.672	0.633	0.679	0.757	0.682	0.784	0.772	0.785	0.786	0.829	1.048	0.939
13:00:07	0.469	0.443	0.601	0.625	0.634	0.603	0.674	0.696	0.625	0.613	0.633	0.698	0.410	0.461	0.584	0.662	0.701	0.643	0.636	0.692	0.652	0.631	0.615	0.653	0.417	0.466	0.573	0.663	0.667	0.670	0.688	0.671	0.699	0.732	0.668	0.734	0.453	0.464	0.602	0.646	0.651	0.693	0.660	0.710	0.703	0.709	0.729	0.836	0.514	0.483	0.597	0.676	0.683	0.725	0.706	0.743	0.697	0.880	0.852	0.914	0.515	0.484	0.648	0.667	0.703	0.681	0.709	0.687	0.750	0.784	0.995	0.984	0.464	0.588	0.692	0.661	0.659	0.692	0.691	0.669	0.714	0.753	0.941	0.974	0.659	0.633	0.682	0.757	0.682	0.785	0.772	0.788	0.791	0.843	1.059	0.941
13:10:07	0.470	0.443	0.601	0.625	0.633	0.605	0.677	0.696	0.625	0.616	0.636	0.700	0.410	0.461	0.586	0.664	0.700	0.641	0.637	0.693	0.651	0.630	0.612	0.654	0.417	0.467	0.574	0.663	0.668	0.671	0.687	0.669	0.700	0.731	0.666	0.733	0.454	0.463	0.604	0.646	0.650	0.695	0.661	0.711	0.705	0.714	0.734	0.843	0.514	0.484	0.597	0.676	0.682	0.727	0.707	0.742	0.695	0.896	0.863	0.919	0.515	0.484	0.650	0.666	0.704	0.682	0.708	0.687	0.757	0.795	1.002	0.990	0.463	0.588	0.694	0.659	0.660	0.691	0.688	0.668	0.713	0.751	0.951	0.981	0.649	0.634	0.684	0.757	0.681	0.785	0.772	0.788	0.793	0.861	1.065	0.941
13:20:07	0.472	0.444	0.602	0.626	0.634	0.607	0.677	0.698	0.625	0.618	0.636	0.703	0.411	0.462	0.588	0.666	0.700	0.642	0.637	0.693	0.652	0.631	0.613	0.654	0.418	0.469	0.575	0.664	0.667	0.671	0.689	0.665	0.700	0.731	0.667	0.732	0.455	0.464	0.605	0.645	0.651	0.697	0.662	0.714	0.704	0.719	0.739	0.850	0.515	0.486	0.600	0.676	0.683	0.729	0.709	0.740	0.696	0.906	0.878	0.925	0.516	0.484	0.652	0.666	0.707	0.684	0.707	0.688	0.766	0.806	1.007	0.998	0.462	0.588	0.696	0.659	0.661	0.691	0.688	0.669	0.714	0.753	0.959	0.990	0.639	0.634	0.686	0.759	0.680	0.787	0.773	0.790	0.798	0.878	1.068	0.942
13:30:07	0.474	0.444	0.603	0.627	0.634	0.608	0.677	0.698	0.625	0.616	0.638	0.705	0.411	0.463	0.589	0.668	0.700	0.641	0.637	0.693	0.652	0.631	0.614	0.655	0.418	0.470	0.576	0.663	0.666	0.672	0.688	0.666	0.701	0.730	0.669	0.730	0.455	0.463	0.606	0.645	0.652	0.699	0.664	0.715	0.708	0.725	0.742	0.856	0.514	0.486	0.601	0.675	0.682	0.728	0.711	0.739	0.698	0.916	0.892	0.929	0.517	0.484	0.654	0.665	0.709	0.685	0.708	0.688	0.776	0.821	1.012	1.003	0.460	0.589	0.699	0.659	0.662	0.691	0.689	0.669	0.717	0.754	0.969	0.996	0.630	0.635	0.689	0.758	0.681	0.788	0.774	0.792	0.804	0.896	1.074	0.943
13:40:07	0.477	0.444	0.603	0.628	0.635	0.611	0.678	0.701	0.627	0.612	0.637	0.709	0.412	0.463	0.592	0.669	0.698	0.642	0.637	0.692	0.652	0.628	0.614	0.658	0.418	0.471	0.577	0.662	0.667	0.673	0.689	0.668	0.702	0.729	0.670	0.728	0.456	0.463	0.606	0.646	0.652	0.702	0.664	0.718	0.708	0.733	0.748	0.861	0.514	0.487	0.602	0.674	0.683	0.731	0.713	0.737	0.701	0.930	0.902	0.934	0.517	0.485	0.657	0.664	0.711	0.688	0.709	0.689	0.788	0.834	1.015	1.006	0.459	0.590	0.700	0.660	0.663	0.690	0.689	0.669	0.721	0.757	0.976	1.003	0.623	0.636	0.691	0.759	0.681	0.789	0.776	0.794	0.810	0.913	1.081	0.945
13:50:07	0.478	0.444	0.603	0.626	0.637	0.615	0.679	0.701	0.627	0.612	0.637	0.712	0.413	0.463	0.594	0.669	0.697	0.642	0.638	0.692	0.653	0.626	0.614	0.660	0.417	0.473	0.578	0.661	0.667	0.673	0.690	0.670	0.703	0.729	0.671	0.727	0.456	0.463	0.606	0.642	0.647	0.704	0.666	0.720	0.711	0.742	0.754	0.865	0.515	0.487	0.604	0.672	0.683	0.731	0.716	0.735	0.705	0.943	0.918	0.937	0.517	0.484	0.659	0.659	0.713	0.689	0.709	0.687	0.800	0.850	1.019	1.009	0.458	0.589	0.701	0.659	0.664	0.691	0.690	0.668	0.721	0.758	0.982	1.009	0.617	0.637	0.694	0.759	0.680	0.788	0.777	0.795	0.817	0.929	1.086	0.947
14:00:07	0.481	0.444	0.603	0.625	0.638	0.617	0.679	0.702	0.627	0.614	0.638	0.716	0.414	0.464	0.596	0.670	0.695	0.642	0.638	0.691	0.655	0.625	0.614	0.662	0.417	0.474	0.580	0.660	0.667	0.672	0.687	0.670	0.704	0.730	0.673	0.724	0.457	0.463	0.605	0.642	0.647	0.707	0.667	0.722	0.716	0.749	0.759	0.868	0.516	0.487	0.605	0.673	0.683	0.732	0.719	0.733	0.709	0.952	0.936	0.938	0.518	0.485	0.661	0.659	0.714	0.690	0.710	0.688	0.812	0.863	1.017	1.012	0.457	0.590	0.702	0.659	0.666	0.691	0.692	0.668	0.726	0.761	0.986	1.017	0.612	0.638	0.697	0.757	0.680	0.790	0.779	0.797	0.826	0.946	1.088	0.947
14:10:07	0.483	0.444	0.602	0.625	0.638	0.619	0.680	0.703	0.627	0.614	0.638	0.718	0.414	0.464	0.597	0.672	0.695	0.641	0.639	0.691	0.655	0.624	0.614	0.663	0.416	0.475	0.581	0.660	0.666	0.673	0.688	0.671	0.705	0.729	0.674	0.720	0.457	0.463	0.604	0.641	0.648	0.708	0.665	0.723	0.718	0.754	0.764	0.871	0.515	0.488	0.607	0.672	0.684	0.734	0.720	0.731	0.713	0.960	0.951	0.938	0.518	0.485	0.663	0.657	0.715	0.691	0.710	0.687	0.823	0.879	1.019	1.014	0.456	0.590	0.704	0.655	0.663	0.691	0.691	0.668	0.728	0.763	0.991	1.021	0.607	0.638	0.700	0.756	0.680	0.791	0.775	0.800	0.838	0.964	1.086	0.949
14:20:07	0.485	0.445	0.603	0.623	0.639	0.622	0.680	0.703	0.628	0.613	0.640	0.722	0.414	0.465	0.599	0.673	0.694	0.642	0.637	0.691	0.656	0.625	0.615	0.665	0.415	0.475	0.581	0.660	0.666	0.674	0.690	0.673	0.707	0.730	0.676	0.720	0.459	0.463	0.604	0.641	0.645	0.711	0.667	0.726	0.723	0.763	0.764	0.872	0.515	0.488	0.608	0.670	0.685	0.732	0.722	0.729	0.717	0.968	0.969	0.942	0.518	0.485	0.665	0.656	0.716	0.692	0.711	0.684	0.837	0.896	1.022	1.016	0.456	0.591	0.706	0.655	0.663	0.691	0.692	0.668	0.733	0.768	0.997	1.027	0.603	0.639	0.704	0.756	0.680	0.792	0.777	0.804	0.852	0.979	1.084	0.951
14:30:07	0.488	0.444	0.602	0.623	0.641	0.624	0.681	0.704	0.629	0.614	0.637	0.726	0.415	0.464	0.601	0.675	0.694	0.644	0.637	0.690	0.657	0.626	0.615	0.666	0.414	0.476	0.581	0.660	0.666	0.675	0.691	0.675	0.709	0.732	0.677	0.721	0.460	0.464	0.604	0.641	0.642	0.712	0.665	0.729	0.728	0.772	0.769	0.872	0.516	0.488	0.609	0.671	0.687	0.731	0.725	0.725	0.722	0.976	0.983	0.944	0.520	0.485	0.666	0.655	0.718	0.694	0.713	0.684	0.850	0.912	1.025	1.019	0.455	0.592	0.708	0.656	0.665	0.692	0.694	0.669	0.740	0.773	1.002	1.030	0.601	0.639	0.707	0.756	0.680	0.793	0.778	0.809	0.869	0.994	1.082	0.953
14:40:07	0.490	0.444	0.602	0.622	0.641	0.624	0.677	0.703	0.628	0.615	0.637	0.728	0.415	0.464	0.603	0.676	0.689	0.644	0.635	0.684	0.657	0.627	0.615	0.669	0.413	0.476	0.583	0.661	0.666	0.676	0.690	0.676	0.707	0.733	0.678	0.721	0.460	0.464	0.604	0.641	0.641	0.713	0.662	0.730	0.734	0.781	0.776	0.871	0.517	0.489	0.611	0.670	0.688	0.729	0.726	0.721	0.729	0.984	0.999	0.944	0.520	0.486	0.668	0.656	0.719	0.697	0.712	0.683	0.863	0.928	1.024	1.019	0.455	0.592	0.710	0.653	0.666	0.693	0.695	0.669	0.744	0.779	1.005	1.034	0.600	0.639	0.710	0.755	0.676	0.793	0.780	0.815	0.889	1.006	1.082	0.954
14:50:07	0.493	0.443	0.602	0.620	0.643	0.627	0.678	0.704	0.629	0.615	0.638	0.734	0.416	0.464	0.605	0.677	0.689	0.645	0.636	0.683	0.658	0.624	0.617	0.670	0.411	0.474	0.584	0.661	0.666	0.676	0.691	0.677	0.709	0.735	0.679	0.717	0.460	0.465	0.603	0.640	0.641	0.716	0.660	0.733	0.740	0.790	0.781	0.870	0.517	0.489	0.613	0.671	0.690	0.731	0.728	0.720	0.737	0.993	1.015	0.947	0.521	0.486	0.670	0.653	0.723	0.698	0.713	0.684	0.877	0.945	1.025	1.020	0.455	0.593	0.710	0.652	0.667	0.693	0.696	0.670	0.751	0.786	1.010	1.037	0.599	0.640	0.713	0.755	0.674	0.792	0.782	0.822	0.907	1.018	1.081	0.956
15:00:07	0.497	0.443	0.602	0.620	0.644	0.630	0.678	0.706	0.631	0.616	0.639	0.738	0.417	0.465	0.607	0.678	0.689	0.645	0.636	0.682	0.658	0.621	0.619	0.669	0.411	0.474	0.585	0.662	0.667	0.676	0.692	0.679	0.711	0.738	0.681	0.716	0.462	0.465	0.604	0.639	0.642	0.718	0.658	0.738	0.748	0.799	0.787	0.867	0.518	0.490	0.614	0.668	0.690	0.729	0.730	0.718	0.746	0.999	1.029	0.949	0.522	0.487	0.673	0.653	0.726	0.701	0.714	0.685	0.892	0.961	1.026	1.020	0.455	0.593	0.713	0.652	0.669	0.695	0.696	0.670	0.757	0.794	1.013	1.040	0.599	0.642	0.716	0.755	0.675	0.792	0.785	0.831	0.929	1.028	1.081	0.958
15:10:07	0.501	0.442	0.603	0.619	0.648	0.632	0.678	0.706	0.632	0.614	0.640	0.742	0.418	0.465	0.610	0.680	0.689	0.646	0.638	0.682	0.659	0.621	0.621	0.670	0.410	0.472	0.586	0.661	0.667	0.678	0.693	0.679	0.712	0.742	0.683	0.715	0.462	0.466	0.604	0.639	0.643	0.719	0.658	0.742	0.756	0.808	0.793	0.867	0.519	0.490	0.616	0.668	0.691	0.730	0.732	0.717	0.754	1.006	1.041	0.952	0.523	0.487	0.675	0.653	0.730	0.703	0.713	0.683	0.905	0.975	1.027	1.022	0.455	0.593	0.714	0.653	0.669	0.693	0.697	0.671	0.766	0.802	1.017	1.043	0.599	0.643	0.718	0.756	0.674	0.793	0.788	0.840	0.950	1.037	1.082	0.959
15:20:07	0.505	0.442	0.604	0.618	0.650	0.634	0.679	0.707	0.634	0.612	0.640	0.746	0.419	0.465	0.613	0.683	0.689	0.646	0.638	0.683	0.658	0.621	0.624	0.669	0.409	0.472	0.586	0.661	0.667	0.678	0.692	0.679	0.712	0.743	0.684	0.715	0.462	0.466	0.604	0.639	0.640	0.721	0.660	0.747	0.764	0.813	0.793	0.866	0.519	0.490	0.618	0.662	0.692	0.733	0.735	0.716	0.762	1.008	1.053	0.953	0.524	0.488	0.679	0.651	0.735	0.703	0.713	0.683	0.920	0.991	1.028	1.025	0.455	0.594	0.715	0.652	0.672	0.689	0.699	0.670	0.775	0.812	1.019	1.045	0.601	0.644	0.720	0.756	0.673	0.795	0.790	0.847	0.971	1.043	1.082	0.955
15:30:07	0.510	0.441	0.604	0.618	0.652	0.636	0.681	0.710	0.635	0.613	0.641	0.752	0.421	0.466	0.616	0.684	0.688	0.647	0.639	0.682	0.660	0.620	0.625	0.669	0.408	0.472	0.587	0.662	0.668	0.678	0.692	0.680	0.714	0.745	0.686	0.714	0.463	0.466	0.604	0.638	0.639	0.723	0.660	0.750	0.773	0.821	0.798	0.865	0.520	0.491	0.621	0.664	0.693	0.734	0.738	0.716	0.774	1.014	1.065	0.957	0.527	0.489	0.682	0.650	0.739	0.707	0.718	0.681	0.934	1.005	1.024	1.027	0.454	0.594	0.717	0.650	0.671	0.684	0.701	0.672	0.785	0.822	1.022	1.049	0.602	0.645	0.723	0.755	0.671	0.795	0.788	0.851	0.994	1.051	1.084	0.955
15:40:07	0.516	0.441	0.604	0.617	0.653	0.638	0.682	0.708	0.635	0.611	0.642	0.757	0.422	0.467	0.616	0.689	0.687	0.648	0.639	0.682	0.660	0.619	0.628	0.671	0.406	0.472	0.588	0.662	0.668	0.679	0.693	0.680	0.716	0.748	0.686	0.714	0.465	0.467	0.603	0.637	0.637	0.726	0.662	0.758	0.782	0.826	0.800	0.864	0.522	0.493	0.623	0.664	0.692	0.737	0.741	0.715	0.788	1.021	1.073	0.959	0.528	0.490	0.686	0.650	0.745	0.709	0.722	0.679	0.945	1.018	1.026	1.030	0.455	0.595	0.720	0.650	0.674	0.684	0.703	0.673	0.797	0.831	1.025	1.053	0.604	0.646	0.728	0.755	0.671	0.797	0.792	0.859	1.014	1.058	1.086	0.955
15:50:07	0.522	0.440	0.604	0.616	0.653	0.639	0.682	0.710	0.636	0.611	0.643	0.761	0.423	0.468	0.620	0.691	0.687	0.650	0.642	0.682	0.663	0.619	0.632	0.673	0.405	0.472	0.589	0.663	0.669	0.680	0.694	0.681	0.719	0.750	0.688	0.713	0.465	0.468	0.604	0.635	0.638	0.728	0.663	0.768	0.792	0.833	0.801	0.863	0.522	0.494	0.625	0.663	0.694	0.739	0.745	0.715	0.801	1.027	1.083	0.962	0.531	0.491	0.689	0.651	0.748	0.712	0.729	0.681	0.958	1.030	1.028	1.035	0.454	0.595	0.723	0.650	0.675	0.684	0.706	0.674	0.808	0.844	1.028	1.058	0.607	0.649	0.733	0.756	0.671	0.798	0.795	0.867	1.036	1.067	1.089	0.957
16:00:07	0.529	0.440	0.605	0.615	0.655	0.638	0.682	0.708	0.637	0.612	0.644	0.765	0.425	0.469	0.623	0.694	0.687	0.653	0.643	0.682	0.664	0.619	0.634	0.672	0.404	0.474	0.589	0.663	0.669	0.681	0.695	0.683	0.721	0.753	0.689	0.713	0.467	0.470	0.604	0.635	0.638	0.733	0.666	0.776	0.798	0.840	0.802	0.862	0.523	0.495	0.627	0.661	0.696	0.739	0.743	0.716	0.818	1.032	1.091	0.965	0.532	0.492	0.693	0.651	0.754	0.716	0.734	0.681	0.970	1.039	1.029	1.038	0.455	0.597	0.725	0.649	0.677	0.682	0.708	0.675	0.822	0.853	1.030	1.061	0.608	0.650	0.738	0.754	0.670	0.800	0.797	0.875	1.053	1.069	1.093	0.957
16:10:07	0.537	0.439	0.604	0.615	0.654	0.639	0.683	0.709	0.637	0.612	0.645	0.769	0.427	0.471	0.627	0.697	0.685	0.654	0.643	0.682	0.666	0.617	0.638	0.673	0.403	0.475	0.591	0.664	0.670	0.680	0.697	0.684	0.723	0.757	0.691	0.714	0.468	0.470	0.603	0.633	0.637	0.735	0.669	0.785	0.806	0.845	0.806	0.862	0.524	0.497	0.631	0.659	0.698	0.743	0.746	0.714	0.834	1.038	1.099	0.968	0.535	0.494	0.698	0.650	0.760	0.718	0.743	0.682	0.980	1.047	1.031	1.042	0.455	0.597	0.727	0.649	0.679	0.682	0.710	0.677	0.835	0.863	1.033	1.067	0.611	0.651	0.744	0.754	0.670	0.801	0.802	0.882	1.072	1.075	1.096	0.956
16:20:07	0.545	0.440	0.605	0.614	0.657	0.639	0.685	0.710	0.637	0.614	0.645	0.772	0.429	0.473	0.631	0.699	0.684	0.652	0.646	0.683	0.668	0.616	0.641	0.672	0.402	0.476	0.592	0.663	0.670	0.679	0.698	0.685	0.725	0.759	0.688	0.713	0.469	0.472	0.603	0.631	0.636	0.735	0.667	0.796	0.814	0.849	0.808	0.861	0.524	0.499	0.633	0.656	0.695	0.745	0.751	0.714	0.851	1.041	1.105	0.969	0.538	0.495	0.702	0.650	0.763	0.721	0.753	0.684	0.987	1.050	1.030	1.046	0.455	0.598	0.731	0.649	0.679	0.681	0.712	0.676	0.851	0.874	1.030	1.067	0.615	0.653	0.749	0.753	0.670	0.801	0.807	0.891	1.088	1.078	1.094	0.955
16:30:07	0.554	0.439	0.604	0.613	0.660	0.638	0.685	0.712	0.637	0.613	0.648	0.774	0.431	0.475	0.635	0.705	0.685	0.654	0.644	0.683	0.667	0.616	0.645	0.672	0.401	0.478	0.592	0.664	0.672	0.680	0.699	0.681	0.729	0.762	0.690	0.716	0.470	0.473	0.603	0.632	0.637	0.737	0.671	0.808	0.823	0.851	0.811	0.856	0.523	0.499	0.636	0.656	0.697	0.748	0.753	0.709	0.866	1.048	1.115	0.969	0.542	0.497	0.707	0.650	0.766	0.725	0.762	0.684	0.995	1.053	1.031	1.052	0.455	0.598	0.735	0.649	0.683	0.680	0.714	0.672	0.863	0.889	1.032	1.069	0.619	0.655	0.755	0.754	0.666	0.803	0.813	0.899	1.107	1.085	1.098	0.956
16:40:07	0.564	0.439	0.605	0.613	0.663	0.641	0.687	0.714	0.635	0.613	0.648	0.778	0.433	0.478	0.639	0.709	0.687	0.657	0.646	0.683	0.670	0.616	0.650	0.669	0.401	0.481	0.593	0.665	0.671	0.681	0.700	0.683	0.734	0.765	0.694	0.714	0.473	0.475	0.604	0.632	0.634	0.741	0.672	0.821	0.832	0.853	0.813	0.858	0.523	0.501	0.639	0.655	0.699	0.752	0.755	0.712	0.879	1.053	1.122	0.973	0.545	0.499	0.713	0.650	0.772	0.718	0.777	0.686	1.003	1.056	1.034	1.059	0.456	0.600	0.739	0.649	0.686	0.678	0.716	0.672	0.876	0.903	1.034	1.073	0.624	0.657	0.761	0.754	0.667	0.805	0.820	0.907	1.122	1.090	1.102	0.952
16:50:07	0.576	0.439	0.605	0.612	0.667	0.643	0.687	0.715	0.638	0.615	0.649	0.779	0.435	0.480	0.644	0.713	0.687	0.659	0.646	0.683	0.672	0.616	0.645	0.670	0.400	0.483	0.594	0.666	0.667	0.683	0.700	0.686	0.737	0.760	0.696	0.714	0.475	0.477	0.604	0.632	0.634	0.743	0.673	0.835	0.840	0.855	0.815	0.858	0.523	0.504	0.643	0.652	0.700	0.753	0.760	0.715	0.892	1.058	1.128	0.973	0.550	0.500	0.720	0.648	0.781	0.721	0.792	0.686	1.011	1.055	1.035	1.060	0.457	0.602	0.742	0.650	0.679	0.677	0.719	0.675	0.889	0.920	1.037	1.076	0.630	0.659	0.769	0.752	0.668	0.806	0.827	0.911	1.136	1.094	1.107	0.950
17:00:07	0.587	0.438	0.607	0.612	0.672	0.645	0.690	0.715	0.639	0.615	0.649	0.783	0.438	0.484	0.649	0.717	0.687	0.661	0.647	0.683	0.667	0.614	0.644	0.669	0.399	0.486	0.595	0.665	0.667	0.684	0.702	0.689	0.741	0.763	0.698	0.717	0.476	0.479	0.604	0.633	0.634	0.747	0.675	0.849	0.847	0.857	0.819	0.860	0.523	0.506	0.645	0.652	0.702	0.758	0.766	0.721	0.904	1.063	1.138	0.978	0.554	0.502	0.727	0.648	0.792	0.726	0.806	0.688	1.019	1.056	1.038	1.065	0.457	0.604	0.747	0.650	0.680	0.675	0.723	0.676	0.903	0.933	1.038	1.079	0.636	0.661	0.775	0.753	0.669	0.808	0.835	0.917	1.151	1.098	1.112	0.951
17:10:07	0.600	0.438	0.607	0.612	0.674	0.648	0.687	0.715	0.640	0.612	0.650	0.786	0.440	0.488	0.655	0.721	0.685	0.664	0.647	0.682	0.668	0.615	0.648	0.669	0.399	0.489	0.595	0.666	0.668	0.686	0.702	0.691	0.746	0.763	0.702	0.716	0.479	0.482	0.604	0.633	0.634	0.751	0.680	0.865	0.853	0.857	0.822	0.856	0.523	0.508	0.649	0.649	0.704	0.758	0.772	0.729	0.912	1.067	1.146	0.979	0.559	0.504	0.733	0.645	0.802	0.732	0.821	0.690	1.025	1.054	1.041	1.069	0.458	0.605	0.752	0.651	0.682	0.668	0.724	0.680	0.914	0.946	1.039	1.079	0.643	0.664	0.782	0.752	0.670	0.810	0.845	0.925	1.166	1.104	1.118	0.954
17:20:07	0.614	0.437	0.609	0.612	0.679	0.650	0.689	0.711	0.641	0.613	0.652	0.791	0.443	0.494	0.662	0.726	0.686	0.667	0.647	0.680	0.672	0.616	0.653	0.667	0.398	0.493	0.597	0.665	0.667	0.686	0.701	0.694	0.753	0.766	0.706	0.717	0.481	0.485	0.604	0.634	0.634	0.752	0.686	0.880	0.858	0.859	0.825	0.860	0.524	0.511	0.652	0.648	0.706	0.763	0.779	0.734	0.916	1.073	1.154	0.983	0.565	0.507	0.740	0.645	0.816	0.738	0.834	0.689	1.030	1.052	1.045	1.075	0.459	0.608	0.758	0.652	0.684	0.666	0.730	0.683	0.925	0.961	1.041	1.081	0.651	0.666	0.791	0.752	0.671	0.811	0.857	0.930	1.180	1.109	1.121	0.956
17:30:07	0.629	0.437	0.610	0.612	0.685	0.654	0.692	0.709	0.639	0.612	0.652	0.783	0.446	0.499	0.668	0.730	0.686	0.668	0.646	0.681	0.670	0.614	0.656	0.664	0.398	0.496	0.597	0.663	0.665	0.687	0.702	0.696	0.759	0.767	0.708	0.717	0.484	0.488	0.604	0.635	0.629	0.755	0.689	0.893	0.862	0.858	0.828	0.861	0.524	0.513	0.653	0.646	0.705	0.767	0.787	0.744	0.923	1.078	1.163	0.982	0.572	0.509	0.747	0.639	0.830	0.743	0.838	0.690	1.037	1.049	1.049	1.080	0.459	0.610	0.762	0.652	0.685	0.661	0.727	0.679	0.936	0.975	1.043	1.081	0.658	0.669	0.796	0.751	0.672	0.812	0.869	0.929	1.193	1.114	1.111	0.957
17:40:07	0.644	0.437	0.611	0.612	0.687	0.657	0.694	0.710	0.640	0.612	0.654	0.787	0.449	0.505	0.675	0.737	0.687	0.668	0.644	0.680	0.670	0.614	0.659	0.664	0.398	0.500	0.597	0.662	0.662	0.686	0.706	0.699	0.768	0.769	0.713	0.718	0.486	0.491	0.603	0.636	0.630	0.760	0.696	0.908	0.865	0.858	0.831	0.862	0.524	0.516	0.658	0.642	0.706	0.773	0.796	0.756	0.928	1.083	1.170	0.985	0.579	0.512	0.754	0.638	0.849	0.748	0.853	0.692	1.041	1.043	1.052	1.084	0.461	0.612	0.768	0.653	0.690	0.660	0.733	0.683	0.947	0.988	1.044	1.081	0.665	0.671	0.805	0.750	0.672	0.814	0.881	0.931	1.207	1.119	1.118	0.957
17:50:07	0.660	0.438	0.612	0.612	0.690	0.660	0.698	0.711	0.641	0.613	0.655	0.792	0.453	0.511	0.683	0.744	0.687	0.671	0.647	0.680	0.670	0.613	0.660	0.661	0.398	0.504	0.597	0.663	0.661	0.687	0.709	0.702	0.778	0.773	0.720	0.718	0.489	0.495	0.603	0.635	0.630	0.765	0.702	0.925	0.870	0.857	0.836	0.865	0.525	0.519	0.662	0.641	0.706	0.777	0.806	0.767	0.931	1.087	1.177	0.989	0.588	0.516	0.762	0.637	0.871	0.756	0.869	0.695	1.046	1.039	1.056	1.091	0.462	0.615	0.774	0.654	0.696	0.659	0.740	0.689	0.959	1.001	1.046	1.084	0.674	0.675	0.815	0.748	0.670	0.814	0.893	0.934	1.221	1.123	1.124	0.959
18:00:07	0.676	0.437	0.613	0.612	0.690	0.663	0.701	0.712	0.642	0.613	0.657	0.798	0.456	0.517	0.691	0.752	0.688	0.674	0.649	0.680	0.670	0.614	0.663	0.661	0.397	0.508	0.597	0.662	0.660	0.689	0.713	0.704	0.787	0.777	0.725	0.718	0.493	0.498	0.603	0.637	0.630	0.772	0.709	0.941	0.875	0.855	0.839	0.868	0.525	0.522	0.666	0.640	0.707	0.783	0.820	0.777	0.933	1.093	1.184	0.993	0.597	0.519	0.769	0.637	0.896	0.764	0.883	0.696	1.051	1.035	1.060	1.099	0.463	0.618	0.781	0.654	0.702	0.658	0.747	0.696	0.968	1.014	1.048	1.089	0.682	0.677	0.826	0.748	0.670	0.817	0.907	0.936	1.234	1.129	1.133	0.962
18:10:07	0.693	0.438	0.614	0.613	0.690	0.667	0.704	0.711	0.644	0.614	0.660	0.804	0.460	0.524	0.701	0.759	0.690	0.669	0.651	0.681	0.672	0.613	0.668	0.659	0.397	0.512	0.596	0.662	0.660	0.692	0.716	0.710	0.799	0.780	0.732	0.717	0.496	0.503	0.603	0.638	0.631	0.778	0.717	0.957	0.878	0.853	0.844	0.872	0.525	0.526	0.671	0.639	0.707	0.791	0.837	0.786	0.934	1.097	1.191	0.996	0.605	0.524	0.776	0.636	0.923	0.772	0.899	0.700	1.056	1.030	1.063	1.107	0.465	0.621	0.789	0.656	0.709	0.657	0.757	0.706	0.980	1.028	1.049	1.093	0.692	0.680	0.836	0.747	0.670	0.821	0.925	0.937	1.244	1.133	1.141	0.965
18:20:07	0.709	0.438	0.616	0.613	0.692	0.670	0.707	0.713	0.644	0.614	0.663	0.811	0.463	0.534	0.712	0.768	0.692	0.672	0.650	0.679	0.676	0.613	0.671	0.659	0.397	0.517	0.596	0.661	0.659	0.694	0.721	0.712	0.809	0.781	0.741	0.717	0.499	0.506	0.603	0.640	0.631	0.785	0.726	0.972	0.882	0.849	0.847	0.875	0.526	0.530	0.677	0.639	0.708	0.796	0.856	0.794	0.932	1.102	1.198	1.000	0.614	0.528	0.784	0.635	0.954	0.778	0.914	0.701	1.062	1.023	1.067	1.118	0.468	0.625	0.797	0.657	0.716	0.656	0.767	0.716	0.991	1.039	1.049	1.098	0.702	0.684	0.849	0.746	0.659	0.822	0.938	0.935	1.257	1.138	1.151	0.967
18:30:07	0.726	0.440	0.619	0.615	0.693	0.674	0.713	0.714	0.643	0.614	0.666	0.818	0.468	0.542	0.723	0.776	0.692	0.676	0.651	0.677	0.677	0.611	0.673	0.658	0.397	0.523	0.595	0.660	0.659	0.691	0.726	0.715	0.821	0.784	0.747	0.716	0.503	0.511	0.603	0.640	0.631	0.791	0.735	0.987	0.884	0.847	0.850	0.880	0.527	0.534	0.682	0.637	0.709	0.800	0.879	0.800	0.932	1.106	1.203	1.005	0.624	0.533	0.793	0.635	0.985	0.786	0.929	0.699	1.067	1.019	1.071	1.129	0.470	0.629	0.805	0.657	0.723	0.654	0.777	0.727	1.002	1.049	1.050	1.103	0.713	0.686	0.863	0.739	0.659	0.822	0.953	0.937	1.267	1.142	1.162	0.970
18:40:07	0.743	0.439	0.621	0.616	0.695	0.678	0.718	0.716	0.640	0.614	0.670	0.826	0.473	0.551	0.737	0.786	0.694	0.679	0.653	0.676	0.678	0.611	0.676	0.658	0.396	0.527	0.595	0.659	0.659	0.691	0.731	0.720	0.832	0.789	0.753	0.715	0.508	0.516	0.603	0.641	0.631	0.794	0.744	1.002	0.888	0.844	0.850	0.885	0.527	0.538	0.688	0.635	0.709	0.807	0.907	0.804	0.930	1.111	1.209	1.009	0.633	0.538	0.802	0.634	1.015	0.791	0.945	0.703	1.073	1.013	1.072	1.140	0.471	0.633	0.815	0.657	0.729	0.654	0.785	0.739	1.008	1.057	1.051	1.109	0.725	0.690	0.876	0.739	0.659	0.828	0.970	0.938	1.273	1.146	1.172	0.973
18:50:07	0.759	0.440	0.622	0.616	0.696	0.682	0.722	0.718	0.639	0.613	0.675	0.835	0.476	0.561	0.753	0.798	0.694	0.683	0.651	0.676	0.680	0.604	0.679	0.658	0.395	0.533	0.595	0.659	0.658	0.692	0.735	0.725	0.847	0.794	0.764	0.716	0.512	0.521	0.603	0.640	0.631	0.801	0.755	1.015	0.890	0.838	0.849	0.889	0.526	0.542	0.694	0.632	0.711	0.815	0.934	0.808	0.927	1.116	1.214	1.014	0.643	0.543	0.811	0.632	1.041	0.795	0.962	0.707	1.079	1.001	1.076	1.153	0.474	0.638	0.823	0.657	0.733	0.651	0.795	0.752	1.019	1.065	1.050	1.113	0.736	0.695	0.891	0.738	0.659	0.832	0.986	0.938	1.281	1.150	1.181	0.972
19:00:07	0.776	0.442	0.625	0.617	0.698	0.686	0.728	0.719	0.639	0.611	0.678	0.842	0.482	0.573	0.771	0.810	0.695	0.688	0.654	0.675	0.684	0.603	0.677	0.657	0.394	0.539	0.594	0.659	0.657	0.693	0.740	0.730	0.858	0.799	0.767	0.712	0.518	0.526	0.602	0.640	0.634	0.811	0.768	1.028	0.892	0.835	0.845	0.885	0.526	0.546	0.700	0.632	0.710	0.824	0.968	0.810	0.922	1.119	1.220	1.018	0.653	0.549	0.819	0.631	1.070	0.799	0.976	0.709	1.079	0.993	1.079	1.162	0.476	0.643	0.831	0.655	0.740	0.649	0.806	0.763	1.028	1.073	1.050	1.120	0.749	0.699	0.906	0.736	0.659	0.836	1.004	0.942	1.289	1.154	1.191	0.976
19:10:07	0.793	0.444	0.629	0.619	0.702	0.683	0.733	0.722	0.639	0.609	0.683	0.852	0.487	0.585	0.793	0.821	0.696	0.693	0.656	0.676	0.684	0.600	0.679	0.652	0.393	0.543	0.593	0.658	0.656	0.693	0.745	0.736	0.873	0.804	0.774	0.710	0.523	0.532	0.601	0.640	0.634	0.818	0.778	1.039	0.891	0.832	0.844	0.891	0.526	0.550	0.705	0.631	0.710	0.834	1.002	0.811	0.917	1.123	1.227	1.023	0.664	0.554	0.828	0.629	1.093	0.803	0.993	0.712	1.086	0.988	1.081	1.173	0.479	0.647	0.839	0.655	0.745	0.647	0.821	0.775	1.039	1.085	1.051	1.127	0.762	0.704	0.921	0.736	0.659	0.843	1.016	0.942	1.297	1.160	1.201	0.979
19:20:07	0.809	0.445	0.632	0.620	0.707	0.688	0.741	0.724	0.640	0.605	0.690	0.859	0.492	0.600	0.817	0.834	0.697	0.698	0.658	0.670	0.689	0.599	0.683	0.653	0.392	0.549	0.593	0.659	0.656	0.694	0.751	0.743	0.887	0.808	0.785	0.710	0.529	0.538	0.601	0.640	0.636	0.829	0.792	1.049	0.893	0.826	0.841	0.895	0.526	0.554	0.706	0.629	0.710	0.846	1.035	0.812	0.915	1.127	1.232	1.028	0.674	0.560	0.837	0.627	1.117	0.807	1.009	0.715	1.087	0.982	1.084	1.183	0.483	0.653	0.849	0.654	0.748	0.647	0.837	0.784	1.046	1.096	1.049	1.133	0.777	0.709	0.935	0.736	0.659	0.847	1.033	0.946	1.307	1.167	1.212	0.984
19:30:07	0.825	0.449	0.637	0.623	0.712	0.694	0.750	0.725	0.639	0.603	0.694	0.868	0.498	0.617	0.845	0.847	0.698	0.702	0.660	0.669	0.696	0.597	0.685	0.652	0.391	0.553	0.593	0.654	0.654	0.695	0.756	0.749	0.900	0.813	0.795	0.709	0.535	0.545	0.600	0.640	0.640	0.839	0.805	1.058	0.892	0.822	0.838	0.897	0.526	0.558	0.707	0.629	0.710	0.859	1.065	0.812	0.907	1.130	1.239	1.033	0.686	0.567	0.848	0.626	1.136	0.813	1.026	0.718	1.093	0.975	1.087	1.197	0.486	0.658	0.860	0.653	0.755	0.645	0.851	0.793	1.057	1.105	1.051	1.139	0.791	0.715	0.950	0.734	0.659	0.855	1.049	0.948	1.314	1.174	1.221	0.987
19:40:07	0.841	0.450	0.641	0.624	0.719	0.700	0.755	0.727	0.638	0.602	0.702	0.878	0.504	0.635	0.875	0.860	0.701	0.705	0.662	0.667	0.705	0.597	0.688	0.651	0.390	0.559	0.593	0.654	0.654	0.697	0.763	0.755	0.915	0.821	0.805	0.706	0.541	0.553	0.600	0.641	0.644	0.849	0.815	1.067	0.896	0.815	0.834	0.897	0.526	0.562	0.706	0.627	0.711	0.871	1.090	0.807	0.903	1.130	1.244	1.039	0.698	0.575	0.858	0.625	1.157	0.816	1.044	0.719	1.099	0.968	1.090	1.206	0.488	0.663	0.871	0.649	0.765	0.642	0.864	0.797	1.067	1.116	1.051	1.145	0.805	0.721	0.970	0.730	0.661	0.864	1.064	0.952	1.320	1.181	1.228	0.991
19:50:07	0.856	0.453	0.646	0.626	0.726	0.704	0.765	0.728	0.631	0.602	0.710	0.888	0.511	0.655	0.903	0.872	0.702	0.709	0.662	0.669	0.713	0.597	0.686	0.650	0.390	0.563	0.593	0.654	0.653	0.693	0.768	0.760	0.928	0.820	0.816	0.705	0.547	0.561	0.599	0.638	0.648	0.858	0.826	1.075	0.896	0.811	0.832	0.900	0.526	0.565	0.705	0.626	0.713	0.884	1.113	0.805	0.898	1.134	1.249	1.042	0.711	0.581	0.868	0.624	1.174	0.820	1.060	0.721	1.101	0.961	1.089	1.214	0.491	0.670	0.883	0.647	0.774	0.642	0.877	0.801	1.078	1.126	1.052	1.150	0.823	0.726	0.986	0.728	0.662	0.874	1.081	0.958	1.329	1.188	1.236	0.993
20:00:07	0.869	0.455	0.651	0.628	0.733	0.711	0.777	0.727	0.629	0.602	0.718	0.899	0.517	0.677	0.931	0.883	0.704	0.710	0.662	0.670	0.716	0.597	0.688	0.649	0.389	0.568	0.592	0.654	0.652	0.694	0.774	0.765	0.943	0.823	0.827	0.704	0.554	0.570	0.598	0.638	0.654	0.868	0.836	1.085	0.892	0.806	0.829	0.905	0.526	0.569	0.705	0.625	0.715	0.898	1.134	0.805	0.893	1.139	1.256	1.048	0.723	0.589	0.879	0.623	1.192	0.827	1.077	0.723	1.107	0.954	1.093	1.227	0.494	0.677	0.894	0.646	0.782	0.640	0.892	0.803	1.089	1.137	1.054	1.157	0.838	0.731	1.003	0.728	0.662	0.886	1.097	0.947	1.337	1.194	1.245	0.996
20:10:07	0.882	0.459	0.657	0.628	0.738	0.721	0.790	0.729	0.630	0.603	0.727	0.915	0.524	0.702	0.957	0.892	0.705	0.706	0.665	0.671	0.724	0.594	0.688	0.647	0.389	0.572	0.592	0.653	0.651	0.695	0.781	0.770	0.954	0.823	0.839	0.705	0.561	0.579	0.598	0.634	0.661	0.878	0.845	1.093	0.888	0.802	0.825	0.910	0.526	0.572	0.704	0.623	0.713	0.912	1.150	0.803	0.883	1.143	1.261	1.055	0.738	0.598	0.892	0.619	1.204	0.829	1.092	0.716	1.108	0.946	1.097	1.240	0.497	0.684	0.907	0.643	0.792	0.640	0.900	0.805	1.099	1.144	1.057	1.161	0.856	0.736	1.022	0.726	0.650	0.895	1.113	0.960	1.343	1.201	1.248	0.999
20:20:07	0.895	0.463	0.663	0.631	0.745	0.728	0.805	0.729	0.629	0.602	0.739	0.923	0.532	0.726	0.979	0.900	0.706	0.704	0.665	0.672	0.731	0.591	0.690	0.644	0.388	0.578	0.593	0.652	0.650	0.698	0.791	0.774	0.966	0.822	0.849	0.704	0.566	0.588	0.597	0.635	0.670	0.888	0.853	1.102	0.886	0.797	0.820	0.914	0.525	0.574	0.704	0.624	0.715	0.928	1.167	0.802	0.877	1.139	1.267	1.062	0.752	0.609	0.904	0.618	1.219	0.834	1.109	0.716	1.114	0.941	1.099	1.251	0.500	0.691	0.919	0.642	0.804	0.634	0.911	0.807	1.111	1.154	1.060	1.169	0.875	0.740	1.038	0.727	0.650	0.907	1.126	0.944	1.349	1.208	1.255	1.002
20:30:07	0.908	0.468	0.670	0.633	0.755	0.738	0.819	0.729	0.632	0.604	0.748	0.938	0.539	0.752	1.000	0.906	0.710	0.701	0.661	0.671	0.737	0.593	0.688	0.644	0.386	0.582	0.592	0.651	0.649	0.701	0.801	0.777	0.979	0.823	0.861	0.705	0.573	0.596	0.597	0.636	0.680	0.896	0.862	1.108	0.884	0.793	0.813	0.920	0.524	0.577	0.704	0.624	0.716	0.945	1.182	0.801	0.872	1.145	1.273	1.068	0.766	0.621	0.916	0.618	1.233	0.839	1.124	0.716	1.120	0.934	1.103	1.265	0.501	0.698	0.933	0.641	0.814	0.634	0.923	0.805	1.121	1.164	1.061	1.176	0.891	0.746	1.056	0.727	0.653	0.922	1.139	0.958	1.358	1.215	1.265	1.007
20:40:07	0.920	0.474	0.678	0.635	0.763	0.748	0.833	0.729	0.632	0.603	0.759	0.948	0.545	0.778	1.021	0.911	0.712	0.695	0.661	0.667	0.743	0.591	0.688	0.643	0.385	0.587	0.593	0.649	0.648	0.705	0.809	0.779	0.990	0.822	0.871	0.705	0.581	0.603	0.597	0.638	0.691	0.904	0.869	1.117	0.882	0.790	0.810	0.925	0.523	0.579	0.703	0.625	0.715	0.961	1.197	0.798	0.865	1.151	1.275	1.075	0.781	0.634	0.930	0.618	1.247	0.845	1.142	0.714	1.126	0.923	1.106	1.275	0.505	0.708	0.947	0.642	0.826	0.634	0.934	0.803	1.131	1.173	1.063	1.182	0.909	0.753	1.073	0.727	0.656	0.939	1.149	0.940	1.367	1.221	1.275	1.010
20:50:07	0.932	0.480	0.687	0.637	0.772	0.757	0.851	0.725	0.629	0.603	0.765	0.963	0.552	0.801	1.036	0.918	0.714	0.689	0.661	0.667	0.747	0.589	0.686	0.642	0.385	0.593	0.593	0.648	0.648	0.709	0.819	0.779	1.000	0.822	0.882	0.702	0.587	0.611	0.596	0.636	0.706	0.912	0.874	1.126	0.879	0.785	0.806	0.930	0.524	0.582	0.703	0.628	0.715	0.977	1.210	0.796	0.860	1.155	1.279	1.082	0.797	0.647	0.942	0.617	1.260	0.849	1.155	0.713	1.133	0.916	1.108	1.281	0.508	0.718	0.961	0.639	0.833	0.635	0.946	0.801	1.142	1.183	1.063	1.190	0.926	0.761	1.090	0.724	0.660	0.957	1.161	0.954	1.374	1.223	1.282	1.014
21:00:07	0.942	0.485	0.697	0.639	0.779	0.768	0.869	0.722	0.630	0.604	0.777	0.977	0.559	0.824	1.053	0.927	0.720	0.685	0.662	0.667	0.753	0.590	0.689	0.641	0.384	0.598	0.593	0.648	0.646	0.714	0.827	0.781	1.013	0.823	0.893	0.700	0.597	0.620	0.596	0.636	0.723	0.919	0.881	1.134	0.876	0.780	0.801	0.936	0.526	0.587	0.702	0.629	0.717	0.991	1.224	0.795	0.855	1.160	1.285	1.087	0.810	0.661	0.956	0.616	1.273	0.855	1.171	0.711	1.139	0.909	1.111	1.291	0.511	0.729	0.976	0.637	0.844	0.636	0.957	0.797	1.152	1.194	1.065	1.197	0.943	0.770	1.106	0.726	0.666	0.974	1.170	0.937	1.382	1.228	1.291	1.019
21:10:07	0.953	0.491	0.709	0.641	0.786	0.781	0.886	0.721	0.630	0.597	0.789	0.992	0.566	0.847	1.067	0.934	0.724	0.680	0.661	0.668	0.756	0.590	0.690	0.640	0.382	0.602	0.591	0.648	0.645	0.719	0.839	0.783	1.025	0.823	0.904	0.699	0.608	0.627	0.596	0.637	0.737	0.926	0.885	1.142	0.873	0.777	0.794	0.941	0.529	0.592	0.704	0.631	0.715	1.007	1.232	0.794	0.849	1.165	1.291	1.093	0.823	0.676	0.971	0.616	1.285	0.861	1.184	0.709	1.145	0.904	1.115	1.303	0.515	0.740	0.991	0.638	0.853	0.637	0.970	0.795	1.163	1.204	1.069	1.204	0.958	0.777	1.120	0.728	0.672	0.993	1.181	0.952	1.391	1.235	1.299	1.023
21:20:07	0.963	0.499	0.722	0.645	0.796	0.796	0.905	0.720	0.630	0.596	0.802	1.007	0.574	0.869	1.083	0.940	0.729	0.677	0.662	0.668	0.758	0.591	0.692	0.640	0.382	0.608	0.592	0.648	0.645	0.727	0.849	0.783	1.038	0.823	0.917	0.698	0.619	0.635	0.595	0.639	0.751	0.932	0.890	1.152	0.868	0.772	0.790	0.947	0.531	0.596	0.701	0.633	0.716	1.023	1.244	0.793	0.841	1.170	1.297	1.100	0.835	0.692	0.984	0.617	1.295	0.868	1.199	0.707	1.154	0.897	1.111	1.320	0.520	0.752	1.009	0.638	0.862	0.638	0.982	0.792	1.173	1.214	1.067	1.210	0.974	0.786	1.135	0.732	0.681	1.010	1.191	0.935	1.399	1.241	1.308	1.028
21:30:07	0.973	0.507	0.735	0.647	0.808	0.811	0.925	0.716	0.631	0.587	0.813	1.021	0.582	0.890	1.097	0.947	0.736	0.675	0.661	0.668	0.760	0.589	0.693	0.639	0.381	0.612	0.594	0.648	0.646	0.737	0.858	0.784	1.050	0.823	0.928	0.699	0.630	0.644	0.595	0.642	0.764	0.938	0.897	1.159	0.865	0.770	0.785	0.954	0.532	0.599	0.701	0.636	0.717	1.036	1.257	0.792	0.836	1.176	1.303	1.106	0.851	0.706	0.998	0.618	1.306	0.875	1.214	0.706	1.160	0.892	1.117	1.334	0.525	0.765	1.028	0.638	0.869	0.640	0.993	0.790	1.184	1.223	1.069	1.215	0.987	0.795	1.151	0.736	0.691	1.026	1.201	0.950	1.409	1.246	1.317	1.034
21:40:07	0.982	0.514	0.750	0.649	0.821	0.827	0.951	0.716	0.632	0.586	0.826	1.036	0.590	0.911	1.108	0.950	0.743	0.677	0.661	0.669	0.762	0.589	0.693	0.639	0.380	0.617	0.593	0.649	0.646	0.739	0.868	0.773	1.063	0.819	0.942	0.700	0.638	0.656	0.594	0.646	0.775	0.943	0.903	1.166	0.863	0.766	0.783	0.958	0.533	0.603	0.699	0.639	0.718	1.049	1.268	0.791	0.831	1.179	1.309	1.114	0.864	0.723	1.012	0.618	1.316	0.879	1.228	0.703	1.167	0.885	1.123	1.342	0.530	0.778	1.044	0.642	0.876	0.643	1.004	0.786	1.196	1.230	1.071	1.219	1.002	0.804	1.166	0.741	0.700	1.045	1.210	0.933	1.418	1.250	1.326	1.039
21:50:07	0.991	0.523	0.764	0.652	0.836	0.843	0.970	0.719	0.631	0.582	0.840	1.051	0.599	0.931	1.120	0.958	0.750	0.678	0.660	0.669	0.765	0.589	0.694	0.637	0.379	0.623	0.595	0.651	0.645	0.747	0.876	0.770	1.076	0.818	0.955	0.699	0.648	0.668	0.594	0.648	0.783	0.947	0.908	1.172	0.860	0.761	0.778	0.963	0.534	0.609	0.699	0.641	0.718	1.062	1.279	0.789	0.825	1.183	1.314	1.109	0.876	0.739	1.028	0.620	1.326	0.887	1.243	0.702	1.174	0.880	1.129	1.351	0.534	0.791	1.059	0.643	0.881	0.644	1.016	0.784	1.205	1.239	1.073	1.220	1.014	0.813	1.179	0.749	0.713	1.059	1.220	0.949	1.428	1.257	1.334	1.045
22:00:07	1.001	0.533	0.779	0.656	0.848	0.859	0.986	0.720	0.633	0.584	0.853	1.063	0.607	0.949	1.131	0.967	0.756	0.679	0.660	0.669	0.768	0.588	0.694	0.636	0.378	0.628	0.595	0.650	0.648	0.751	0.884	0.769	1.089	0.818	0.969	0.698	0.658	0.680	0.593	0.651	0.787	0.952	0.913	1.182	0.856	0.758	0.779	0.970	0.535	0.615	0.699	0.644	0.717	1.073	1.288	0.789	0.819	1.189	1.317	1.120	0.890	0.756	1.042	0.621	1.335	0.892	1.255	0.700	1.180	0.875	1.132	1.365	0.540	0.805	1.075	0.646	0.885	0.646	1.026	0.781	1.215	1.246	1.074	1.219	1.027	0.823	1.191	0.759	0.718	1.071	1.228	0.932	1.437	1.263	1.342	1.049
22:10:07	1.011	0.544	0.791	0.658	0.859	0.874	1.003	0.722	0.633	0.584	0.869	1.079	0.618	0.967	1.141	0.973	0.763	0.680	0.659	0.669	0.769	0.588	0.695	0.636	0.377	0.635	0.597	0.652	0.647	0.757	0.894	0.767	1.101	0.819	0.982	0.700	0.671	0.689	0.592	0.656	0.790	0.954	0.918	1.191	0.854	0.755	0.776	0.977	0.536	0.622	0.701	0.648	0.718	1.087	1.299	0.788	0.815	1.193	1.323	1.128	0.905	0.774	1.055	0.624	1.347	0.899	1.268	0.699	1.188	0.870	1.138	1.380	0.546	0.820	1.085	0.650	0.885	0.648	1.036	0.778	1.225	1.255	1.077	1.217	1.039	0.833	1.203	0.769	0.731	1.084	1.237	0.949	1.446	1.269	1.350	1.052
22:20:07	1.019	0.554	0.803	0.662	0.869	0.892	1.018	0.724	0.633	0.585	0.885	1.095	0.626	0.984	1.152	0.983	0.771	0.679	0.659	0.668	0.770	0.590	0.696	0.635	0.376	0.639	0.598	0.653	0.651	0.760	0.904	0.768	1.112	0.818	0.996	0.700	0.684	0.701	0.591	0.660	0.791	0.958	0.918	1.201	0.851	0.751	0.773	0.980	0.537	0.629	0.703	0.650	0.719	1.100	1.308	0.789	0.810	1.198	1.330	1.136	0.919	0.791	1.071	0.626	1.357	0.906	1.279	0.696	1.195	0.860	1.145	1.388	0.552	0.835	1.097	0.652	0.886	0.648	1.044	0.773	1.235	1.263	1.078	1.212	1.051	0.842	1.214	0.778	0.746	1.096	1.246	0.934	1.454	1.275	1.358	1.055
22:30:07	1.028	0.565	0.814	0.665	0.878	0.908	1.033	0.724	0.634	0.586	0.902	1.108	0.636	1.002	1.162	0.991	0.777	0.679	0.660	0.667	0.772	0.590	0.697	0.635	0.374	0.644	0.601	0.654	0.650	0.761	0.914	0.767	1.121	0.818	1.011	0.701	0.697	0.711	0.591	0.666	0.793	0.964	0.923	1.209	0.846	0.749	0.771	0.990	0.537	0.638	0.706	0.653	0.720	1.110	1.317	0.786	0.807	1.204	1.337	1.142	0.935	0.808	1.084	0.628	1.368	0.915	1.292	0.697	1.200	0.846	1.149	1.399	0.558	0.850	1.113	0.654	0.887	0.650	1.054	0.773	1.245	1.272	1.069	1.208	1.062	0.852	1.226	0.787	0.759	1.108	1.254	0.952	1.464	1.281	1.366	1.061
22:40:07	1.035	0.573	0.825	0.668	0.885	0.926	1.045	0.728	0.631	0.586	0.914	1.122	0.646	1.020	1.172	1.001	0.780	0.678	0.659	0.666	0.774	0.582	0.697	0.635	0.373	0.650	0.603	0.654	0.652	0.763	0.924	0.765	1.130	0.818	1.025	0.701	0.710	0.723	0.591	0.673	0.791	0.970	0.928	1.216	0.841	0.746	0.767	0.995	0.538	0.645	0.708	0.656	0.709	1.124	1.328	0.779	0.804	1.211	1.343	1.146	0.948	0.825	1.096	0.630	1.377	0.922	1.304	0.696	1.207	0.841	1.155	1.404	0.564	0.864	1.126	0.654	0.886	0.649	1.063	0.771	1.254	1.279	1.069	1.198	1.072	0.862	1.237	0.792	0.772	1.119	1.263	0.937	1.473	1.286	1.373	1.066
22:50:07	1.043	0.584	0.837	0.672	0.892	0.945	1.060	0.734	0.631	0.587	0.929	1.136	0.657	1.035	1.181	1.010	0.786	0.677	0.658	0.666	0.776	0.581	0.698	0.632	0.373	0.656	0.606	0.655	0.654	0.765	0.933	0.764	1.143	0.818	1.039	0.702	0.724	0.734	0.590	0.680	0.786	0.975	0.931	1.225	0.839	0.744	0.761	1.005	0.540	0.654	0.710	0.656	0.709	1.138	1.338	0.775	0.800	1.218	1.350	1.155	0.961	0.842	1.112	0.632	1.389	0.930	1.315	0.695	1.212	0.839	1.164	1.403	0.570	0.878	1.141	0.657	0.884	0.649	1.072	0.771	1.264	1.286	1.070	1.194	1.080	0.873	1.246	0.800	0.784	1.130	1.271	0.954	1.484	1.292	1.380	1.071
23:00:07	1.052	0.595	0.847	0.673	0.897	0.961	1.075	0.740	0.631	0.586	0.943	1.147	0.667	1.050	1.190	1.021	0.789	0.675	0.658	0.666	0.776	0.581	0.699	0.632	0.374	0.663	0.609	0.654	0.657	0.763	0.945	0.764	1.154	0.819	1.053	0.696	0.739	0.746	0.590	0.686	0.781	0.980	0.937	1.232	0.837	0.742	0.759	1.013	0.548	0.662	0.714	0.657	0.710	1.156	1.347	0.774	0.797	1.224	1.359	1.162	0.975	0.858	1.127	0.633	1.401	0.940	1.324	0.686	1.225	0.834	1.170	1.408	0.578	0.894	1.152	0.658	0.882	0.649	1.083	0.770	1.273	1.291	1.071	1.193	1.087	0.882	1.256	0.805	0.794	1.141	1.279	0.940	1.494	1.298	1.387	1.077
23:10:07	1.059	0.605	0.856	0.677	0.903	0.975	1.089	0.746	0.632	0.588	0.958	1.162	0.678	1.065	1.199	1.031	0.793	0.675	0.659	0.666	0.779	0.581	0.699	0.630	0.373	0.668	0.613	0.653	0.660	0.764	0.955	0.762	1.167	0.819	1.067	0.697	0.754	0.756	0.589	0.693	0.778	0.979	0.939	1.241	0.834	0.740	0.757	1.021	0.552	0.671	0.717	0.659	0.710	1.172	1.357	0.771	0.794	1.228	1.366	1.174	0.986	0.875	1.143	0.635	1.412	0.948	1.335	0.685	1.233	0.829	1.179	1.418	0.585	0.908	1.166	0.659	0.880	0.648	1.091	0.769	1.282	1.299	1.075	1.191	1.096	0.893	1.267	0.811	0.806	1.152	1.288	0.958	1.504	1.300	1.395	1.081
23:20:07	1.068	0.615	0.870	0.673	0.905	0.992	1.103	0.753	0.622	0.588	0.971	1.174	0.690	1.079	1.208	1.042	0.792	0.674	0.660	0.667	0.779	0.581	0.699	0.632	0.373	0.675	0.616	0.653	0.663	0.765	0.966	0.760	1.179	0.819	1.082	0.689	0.767	0.768	0.589	0.698	0.774	0.985	0.944	1.248	0.832	0.738	0.755	1.027	0.553	0.680	0.722	0.661	0.711	1.188	1.367	0.771	0.791	1.234	1.371	1.176	0.999	0.892	1.156	0.633	1.424	0.955	1.346	0.683	1.244	0.825	1.187	1.417	0.592	0.924	1.179	0.664	0.877	0.648	1.101	0.768	1.290	1.304	1.077	1.188	1.102	0.903	1.277	0.815	0.815	1.161	1.295	0.943	1.515	1.313	1.402	1.086
23:30:07	1.075	0.628	0.885	0.674	0.909	1.008	1.116	0.761	0.622	0.589	0.987	1.186	0.701	1.092	1.215	1.052	0.793	0.674	0.661	0.667	0.779	0.584	0.700	0.631	0.374	0.682	0.621	0.654	0.667	0.765	0.975	0.758	1.190	0.818	1.097	0.690	0.781	0.781	0.589	0.701	0.772	0.991	0.949	1.256	0.829	0.734	0.753	1.032	0.552	0.689	0.728	0.663	0.709	1.203	1.377	0.770	0.790	1.237	1.375	1.189	1.010	0.910	1.169	0.633	1.436	0.964	1.354	0.681	1.247	0.821	1.194	1.431	0.601	0.937	1.193	0.664	0.874	0.648	1.110	0.769	1.293	1.311	1.081	1.185	1.109	0.915	1.286	0.819	0.821	1.173	1.303	0.961	1.525	1.317	1.409	1.095
23:40:07	1.083	0.641	0.902	0.678	0.908	1.024	1.129	0.769	0.623	0.584	1.001	1.196	0.712	1.104	1.223	1.063	0.790	0.674	0.663	0.667	0.780	0.582	0.699	0.632	0.374	0.689	0.624	0.655	0.670	0.763	0.986	0.757	1.203	0.817	1.111	0.691	0.796	0.793	0.589	0.704	0.768	0.996	0.953	1.265	0.827	0.733	0.751	1.041	0.553	0.698	0.733	0.665	0.709	1.216	1.382	0.770	0.786	1.242	1.382	1.198	1.023	0.926	1.181	0.634	1.447	0.972	1.365	0.673	1.242	0.818	1.203	1.438	0.610	0.951	1.208	0.666	0.871	0.649	1.120	0.770	1.301	1.317	1.083	1.182	1.113	0.927	1.296	0.823	0.828	1.183	1.310	0.945	1.536	1.326	1.417	1.098
23:50:07	1.090	0.654	0.915	0.679	0.912	1.038	1.137	0.777	0.623	0.582	1.015	1.208	0.723	1.115	1.229	1.073	0.789	0.673	0.663	0.667	0.781	0.582	0.700	0.632	0.375	0.695	0.628	0.654	0.674	0.759	0.994	0.753	1.216	0.818	1.124	0.692	0.812	0.807	0.588	0.707	0.766	1.001	0.957	1.273	0.825	0.731	0.749	1.046	0.552	0.709	0.739	0.666	0.707	1.232	1.392	0.770	0.784	1.247	1.387	1.210	1.034	0.942	1.194	0.630	1.458	0.980	1.370	0.671	1.244	0.815	1.212	1.446	0.618	0.964	1.215	0.667	0.868	0.647	1.130	0.770	1.309	1.323	1.086	1.179	1.122	0.937	1.305	0.826	0.832	1.192	1.317	0.964	1.546	1.331	1.424	1.102
24:00:07	1.097	0.667	0.928	0.683	0.914	1.051	1.150	0.785	0.624	0.585	1.019	1.218	0.737	1.129	1.238	1.085	0.789	0.674	0.664	0.665	0.779	0.582	0.700	0.633	0.376	0.702	0.633	0.649	0.675	0.758	1.000	0.751	1.226	0.814	1.138	0.694	0.826	0.818	0.587	0.710	0.761	1.006	0.960	1.281	0.815	0.726	0.739	1.057	0.552	0.719	0.745	0.667	0.708	1.245	1.398	0.770	0.781	1.256	1.396	1.220	1.047	0.960	1.207	0.630	1.468	0.990	1.381	0.670	1.271	0.808	1.219	1.456	0.626	0.978	1.230	0.669	0.861	0.647	1.140	0.772	1.315	1.327	1.085	1.176	1.129	0.949	1.316	0.827	0.837	1.202	1.324	0.949	1.553	1.337	1.431	1.107

